Date,Lat,Long
2020-08-27T06:00:14.489206314,28.235237,-91.615425
2020-08-27T06:00:16.903947830,30.260403,-93.10976
2020-08-27T06:00:16.906236648,30.260302,-93.10696
2020-08-27T06:00:16.944002151,30.258844,-93.06049
2020-08-27T06:00:16.945909500,30.258867,-93.06048
2020-08-27T06:00:19.959945679,29.695341,-92.90769
2020-08-27T06:00:19.961853028,29.695265,-92.9054
2020-08-27T06:00:19.963760376,29.696192,-92.934616
2020-08-27T06:00:19.966049672,29.695248,-92.90499
2020-08-27T06:00:19.969864369,29.696186,-92.93465
2020-08-27T06:00:19.971771718,29.695135,-92.90162
2020-08-27T06:00:19.975967885,29.69618,-92.9346
2020-08-27T06:00:19.977875233,29.695225,-92.904594
2020-08-27T06:00:19.979782582,29.695028,-92.897865
2020-08-27T06:00:19.985886097,29.6952,-92.90167
2020-08-27T06:00:19.997712136,29.694902,-92.90055
2020-08-27T06:00:19.999619484,29.694395,-92.88337
2020-08-27T06:00:20.005722999,29.694714,-92.88884
2020-08-27T06:00:20.007630348,29.694613,-92.8842
2020-08-27T06:00:20.009537696,29.704056,-92.897934
2020-08-27T06:00:20.013733863,29.69624,-92.93454
2020-08-27T06:00:20.019455909,29.716217,-92.901764
2020-08-27T06:00:20.021744728,29.68814,-92.87296
2020-08-27T06:00:20.027466773,29.72309,-92.898315
2020-08-27T06:00:20.029374599,29.69525,-92.90377
2020-08-27T06:00:20.033570766,29.696218,-92.93463
2020-08-27T06:00:20.037385463,29.69371,-92.87147
2020-08-27T06:00:20.039292812,29.696209,-92.93464
2020-08-27T06:00:20.045396327,29.728996,-92.94187
2020-08-27T06:00:20.053407192,29.69329,-92.84228
2020-08-27T06:00:20.055314540,29.732761,-92.906334
2020-08-27T06:00:20.057221889,29.696224,-92.93457
2020-08-27T06:00:20.061418533,29.693329,-92.84228
2020-08-27T06:00:20.063325881,29.693352,-92.8423
2020-08-27T06:00:20.071336746,29.692314,-92.80833
2020-08-27T06:00:20.077058792,29.69336,-92.842255
2020-08-27T06:00:20.079347610,29.693365,-92.84226
2020-08-27T06:00:20.085069656,29.694948,-92.89083
2020-08-27T06:00:20.087358474,29.70366,-92.858185
2020-08-27T06:00:20.091173648,29.694878,-92.88802
2020-08-27T06:00:20.093080997,29.695011,-92.89217
2020-08-27T06:00:20.094988346,29.69435,-92.87136
2020-08-27T06:00:20.099184513,29.69341,-92.84237
2020-08-27T06:00:20.101091861,29.694656,-92.882515
2020-08-27T06:00:20.102999210,29.693346,-92.842316
2020-08-27T06:00:20.109102725,29.691965,-92.80078
2020-08-27T06:00:20.112917423,29.719864,-92.816376
2020-08-27T06:00:20.114824771,29.70453,-92.83539
2020-08-27T06:00:20.117113590,29.712917,-92.83728
2020-08-27T06:00:20.119020938,29.71965,-92.854
2020-08-27T06:00:20.120928764,29.693308,-92.84222
2020-08-27T06:00:20.122836112,29.693304,-92.84225
2020-08-27T06:00:20.125124931,29.6933,-92.84228
2020-08-27T06:00:20.128939628,29.675434,-92.89035
2020-08-27T06:00:20.130846977,29.65032,-92.88411
2020-08-27T06:00:20.138857841,29.691872,-92.8427
2020-08-27T06:00:20.142672538,29.770304,-92.76739
2020-08-27T06:00:20.144961357,29.648293,-92.88534
2020-08-27T06:00:20.146868705,29.645708,-92.88193
2020-08-27T06:00:20.148776054,29.615187,-92.87924
2020-08-27T06:00:20.152591228,29.771505,-92.80496
2020-08-27T06:00:20.154880046,29.639576,-92.87468
2020-08-27T06:00:20.156787395,29.657,-92.8707
2020-08-27T06:00:20.158694744,29.770306,-92.76734
2020-08-27T06:00:20.160602092,29.757074,-92.80834
2020-08-27T06:00:20.162890911,29.731842,-92.824
2020-08-27T06:00:20.164798259,29.720339,-92.83417
2020-08-27T06:00:20.166705608,29.725573,-92.829414
2020-08-27T06:00:20.168612957,29.73662,-92.82362
2020-08-27T06:00:20.170520305,29.728598,-92.82382
2020-08-27T06:00:20.172809123,29.692577,-92.81893
2020-08-27T06:00:20.174716472,29.654324,-92.848076
2020-08-27T06:00:20.176623821,29.644352,-92.86148
2020-08-27T06:00:20.178531169,29.752834,-92.808624
2020-08-27T06:00:20.180438518,29.713814,-92.83106
2020-08-27T06:00:20.182727813,29.726856,-92.82939
2020-08-27T06:00:20.184635162,29.71879,-92.83167
2020-08-27T06:00:20.186542510,29.74553,-92.81057
2020-08-27T06:00:20.188449859,29.71693,-92.82864
2020-08-27T06:00:20.190738677,29.738094,-92.81338
2020-08-27T06:00:20.192646026,29.752155,-92.8062
2020-08-27T06:00:20.194553375,29.754179,-92.82001
2020-08-27T06:00:20.196460723,29.74633,-92.8099
2020-08-27T06:00:20.198368072,29.748383,-92.80953
2020-08-27T06:00:20.200656890,29.746689,-92.81057
2020-08-27T06:00:20.202564239,29.747927,-92.812675
2020-08-27T06:00:20.204471588,29.734592,-92.8021
2020-08-27T06:00:20.206378936,29.85035,-92.78485
2020-08-27T06:00:20.206378936,29.693298,-92.84226
2020-08-27T06:00:20.208286285,29.850348,-92.78486
2020-08-27T06:00:20.214390277,29.8503,-92.78486
2020-08-27T06:00:20.216297626,29.850285,-92.78486
2020-08-27T06:00:20.220493793,29.850283,-92.784836
2020-08-27T06:00:20.222401142,29.850292,-92.78481
2020-08-27T06:00:20.226215839,29.850307,-92.784775
2020-08-27T06:00:20.327688217,29.721212,-92.90789
2020-08-27T06:00:20.329595565,29.727316,-92.91492
2020-08-27T06:00:20.383383750,29.696217,-92.934555
2020-08-27T06:00:20.385291099,29.734114,-92.91132
2020-08-27T06:00:20.387198448,29.696253,-92.9346
2020-08-27T06:00:20.391394615,29.696156,-92.93456
2020-08-27T06:00:20.393301963,29.776058,-92.95211
2020-08-27T06:00:20.395209312,29.74202,-92.923904
2020-08-27T06:00:20.397498130,29.716265,-92.90419
2020-08-27T06:00:20.399405956,29.72936,-92.9418
2020-08-27T06:00:20.401313304,29.693115,-92.84213
2020-08-27T06:00:20.401313304,29.748121,-92.91984
2020-08-27T06:00:20.403220653,29.696098,-92.93447
2020-08-27T06:00:20.411231517,29.775335,-92.92556
2020-08-27T06:00:20.413138866,29.729261,-92.94172
2020-08-27T06:00:20.423057079,29.778769,-92.92621
2020-08-27T06:00:20.424964427,29.724625,-92.90568
2020-08-27T06:00:20.432975769,29.794699,-92.93286
2020-08-27T06:00:20.439079284,29.738478,-92.92352
2020-08-27T06:00:20.440986633,29.696203,-92.934555
2020-08-27T06:00:20.442893981,29.629963,-92.898315
2020-08-27T06:00:20.445182800,29.656675,-92.8904
2020-08-27T06:00:20.447090148,29.649042,-92.88618
2020-08-27T06:00:20.450904846,29.615692,-92.8715
2020-08-27T06:00:20.452812194,29.62111,-92.87666
2020-08-27T06:00:20.455101013,29.658064,-92.88464
2020-08-27T06:00:20.457008361,29.616337,-92.87483
2020-08-27T06:00:20.458915710,29.733982,-92.85105
2020-08-27T06:00:20.460823059,29.744608,-92.85339
2020-08-27T06:00:20.463112354,29.651371,-92.88006
2020-08-27T06:00:20.468834400,29.773338,-92.85973
2020-08-27T06:00:20.468834400,29.616474,-92.91711
2020-08-27T06:00:20.568399429,29.853313,-92.877174
2020-08-27T06:00:20.578317642,29.853281,-92.87722
2020-08-27T06:00:20.588236331,29.614923,-92.896515
2020-08-27T06:00:21.723125934,30.115274,-93.58265
2020-08-27T06:00:21.731137275,30.110394,-93.56557
2020-08-27T06:00:21.739148139,30.114704,-93.56301
2020-08-27T06:00:21.741055488,30.114603,-93.56017
2020-08-27T06:00:21.747159004,30.115337,-93.58269
2020-08-27T06:00:21.775006771,30.115297,-93.582695
2020-08-27T06:00:21.786832332,30.123308,-93.55771
2020-08-27T06:00:21.788739681,30.115345,-93.58269
2020-08-27T06:00:21.804761886,30.128164,-93.549164
2020-08-27T06:00:21.806669235,30.115345,-93.582726
2020-08-27T06:00:21.838331699,30.113672,-93.53307
2020-08-27T06:00:21.840620517,30.114084,-93.545876
2020-08-27T06:00:21.868468284,30.157772,-93.535164
2020-08-27T06:00:21.870375633,30.141935,-93.545395
2020-08-27T06:00:21.902038097,30.115353,-93.58268
2020-08-27T06:00:21.903945446,30.115334,-93.582695
2020-08-27T06:00:21.910048961,30.115276,-93.58269
2020-08-27T06:00:21.916152954,30.115225,-93.58264
2020-08-27T06:00:22.079042911,30.14398,-93.55494
2020-08-27T06:00:22.265965938,30.113916,-93.5421
2020-08-27T06:01:22.144656658,30.26232,-93.15354
2020-08-27T06:01:22.208363056,30.262302,-93.153465
2020-08-27T06:01:22.347601413,30.263275,-93.186905
2020-08-27T06:01:22.349509239,30.262177,-93.15354
2020-08-27T06:01:22.554361343,30.263626,-93.14388
2020-08-27T06:01:22.562372207,30.260712,-93.10587
2020-08-27T06:01:22.582209110,30.264486,-93.143425
2020-08-27T06:01:22.584116458,30.259197,-93.06046
2020-08-27T06:01:22.598231315,30.262209,-93.15355
2020-08-27T06:01:22.602046012,30.260752,-93.10809
2020-08-27T06:01:31.025789260,29.776287,-92.91519
2020-08-27T06:01:31.029605865,29.776161,-92.91169
2020-08-27T06:01:31.033420562,29.776022,-92.90944
2020-08-27T06:01:31.057453155,29.77639,-92.91816
2020-08-27T06:01:31.236364364,29.803135,-92.95865
2020-08-27T06:01:31.238271713,29.799923,-92.92757
2020-08-27T06:01:31.240179061,29.776428,-92.92228
2020-08-27T06:01:31.242467880,29.776527,-92.924965
2020-08-27T06:01:31.244375228,29.793493,-92.92947
2020-08-27T06:01:31.246282577,29.801685,-92.92618
2020-08-27T06:01:31.248189926,29.800722,-92.923355
2020-08-27T06:01:31.250097274,29.776304,-92.916214
2020-08-27T06:01:31.252386093,29.803343,-92.919846
2020-08-27T06:01:31.254293441,29.802519,-92.920395
2020-08-27T06:01:31.256200790,29.804491,-92.91052
2020-08-27T06:01:31.258108139,29.77576,-92.89776
2020-08-27T06:01:31.260396957,29.776205,-92.91197
2020-08-27T06:01:31.262304306,29.77455,-92.860374
2020-08-27T06:01:31.264211654,29.798418,-92.9189
2020-08-27T06:01:31.270315170,29.775814,-92.90088
2020-08-27T06:01:31.276039123,29.8054,-92.89438
2020-08-27T06:01:31.277946472,29.775963,-92.90559
2020-08-27T06:01:31.280235290,29.776045,-92.90815
2020-08-27T06:01:31.325630187,29.776417,-92.91912
2020-08-27T06:01:31.327919006,29.774527,-92.86042
2020-08-27T06:01:31.383613586,29.85157,-92.78549
2020-08-27T06:01:31.389335632,29.853113,-92.83284
2020-08-27T06:01:31.391242980,29.832205,-92.844055
2020-08-27T06:01:31.393531799,29.832954,-92.85401
2020-08-27T06:01:31.395439147,29.813866,-92.87991
2020-08-27T06:01:31.397346496,29.7775,-92.95279
2020-08-27T06:01:31.399255752,29.853495,-92.843475
2020-08-27T06:01:31.409173965,29.879515,-92.8575
2020-08-27T06:01:31.413370132,29.889277,-92.85401
2020-08-27T06:01:31.415277481,29.801727,-92.9024
2020-08-27T06:01:31.425195693,29.753698,-92.9265
2020-08-27T06:01:31.438928604,29.93466,-92.89564
2020-08-27T06:01:31.449228286,29.934813,-92.89567
2020-08-27T06:01:31.453042984,29.934805,-92.89562
2020-08-27T06:01:31.514841079,29.69747,-92.93527
2020-08-27T06:01:31.675825119,29.799036,-92.923546
2020-08-27T06:01:31.677732467,29.80676,-92.919205
2020-08-27T06:01:31.689558029,29.777576,-92.95288
2020-08-27T06:01:50.105670928,26.808447,-92.40433
2020-08-27T06:01:50.026324272,26.809242,-92.43576
2020-08-27T06:01:50.028231620,26.809225,-92.43576
2020-08-27T06:01:50.030138969,26.809223,-92.43577
2020-08-27T06:01:50.032046318,26.809223,-92.43577
2020-08-27T06:01:50.034335136,26.809223,-92.435776
2020-08-27T06:01:50.046160697,26.809307,-92.435814
2020-08-27T06:01:50.107959747,26.807587,-92.402504
2020-08-27T06:01:50.109867095,26.809284,-92.435814
2020-08-27T06:03:24.278249740,29.788576,-92.90328
2020-08-27T06:03:24.284353256,29.77519,-92.90719
2020-08-27T06:03:24.288167953,29.775219,-92.908325
2020-08-27T06:03:24.294271469,29.775167,-92.90695
2020-08-27T06:03:24.299993515,29.775158,-92.906906
2020-08-27T06:03:24.302282333,29.774908,-92.899216
2020-08-27T06:03:24.306097030,29.775055,-92.90408
2020-08-27T06:03:24.309911727,29.775293,-92.91116
2020-08-27T06:03:24.327841758,29.775301,-92.91061
2020-08-27T06:03:24.349967002,29.746607,-92.90265
2020-08-27T06:03:24.355689048,29.734287,-92.89579
2020-08-27T06:03:24.357977867,29.773687,-92.86079
2020-08-27T06:03:24.361792564,29.794207,-92.88829
2020-08-27T06:03:24.363699913,29.773726,-92.86081
2020-08-27T06:03:24.373618125,29.733208,-92.8891
2020-08-27T06:03:24.375526428,29.773733,-92.86076
2020-08-27T06:03:24.377815246,29.739466,-92.87389
2020-08-27T06:03:24.379722595,29.77372,-92.86077
2020-08-27T06:03:24.381629943,29.773712,-92.860794
2020-08-27T06:03:24.383537292,29.773705,-92.86082
2020-08-27T06:03:24.385444641,29.804579,-92.867615
2020-08-27T06:03:24.387733459,29.798182,-92.875496
2020-08-27T06:03:24.389640808,29.80328,-92.86734
2020-08-27T06:03:24.391548156,29.798044,-92.86617
2020-08-27T06:03:24.393455505,29.802046,-92.86703
2020-08-27T06:03:24.395744323,29.773586,-92.86076
2020-08-27T06:03:24.403373718,29.773642,-92.86073
2020-08-27T06:03:24.411384582,29.82008,-92.87094
2020-08-27T06:03:24.435417175,29.853697,-92.87839
2020-08-27T06:03:24.459069252,29.852686,-92.84468
2020-08-27T06:03:24.461358070,29.77077,-92.768394
2020-08-27T06:03:24.465172767,29.852625,-92.843216
2020-08-27T06:03:24.467080116,29.852839,-92.85003
2020-08-27T06:03:24.468987464,29.841642,-92.86144
2020-08-27T06:03:24.471276283,29.8537,-92.87828
2020-08-27T06:03:24.476998329,29.853638,-92.87835
2020-08-27T06:03:24.478905677,29.853642,-92.87836
2020-08-27T06:03:24.481194496,29.881788,-92.88455
2020-08-27T06:03:24.483101844,29.860546,-92.86849
2020-08-27T06:03:24.485009193,29.885983,-92.88547
2020-08-27T06:03:24.488823890,29.853722,-92.87835
2020-08-27T06:03:24.493020057,29.897999,-92.8881
2020-08-27T06:03:24.496834754,29.853674,-92.878334
2020-08-27T06:03:24.518960952,29.773672,-92.860825
2020-08-27T06:03:24.520868301,29.773638,-92.8608
2020-08-27T06:03:24.522775650,29.773605,-92.86079
2020-08-27T06:03:24.524682998,29.773573,-92.86077
2020-08-27T06:03:24.528879165,29.773527,-92.86075
2020-08-27T06:03:24.530786514,29.772139,-92.86063
2020-08-27T06:03:24.532693862,29.762661,-92.87091
2020-08-27T06:03:24.534601211,29.762884,-92.87078
2020-08-27T06:03:24.536890029,29.744558,-92.85449
2020-08-27T06:03:24.538797378,29.738775,-92.853226
2020-08-27T06:03:24.612421989,29.760118,-92.907326
2020-08-27T06:03:24.614329338,29.759033,-92.91407
2020-08-27T06:03:24.620051383,29.765116,-92.91599
2020-08-27T06:03:24.654003143,29.808863,-92.885124
2020-08-27T06:03:24.681850433,29.753418,-92.9022
2020-08-27T06:03:24.683757781,29.744684,-92.89556
2020-08-27T06:03:24.689862251,29.728853,-92.893135
2020-08-27T06:03:24.691769599,29.736948,-92.8944
2020-08-27T06:03:24.693676948,29.73921,-92.90164
2020-08-27T06:03:24.695584297,29.718378,-92.892166
2020-08-27T06:03:24.697873115,29.745552,-92.895905
2020-08-27T06:03:24.699780464,29.726091,-92.89199
2020-08-27T06:03:24.701687812,29.717564,-92.89583
2020-08-27T06:03:24.703595161,29.745285,-92.899376
2020-08-27T06:03:24.709698677,29.713032,-92.8964
2020-08-27T06:03:24.711606025,29.740799,-92.902374
2020-08-27T06:03:24.721524238,29.696531,-92.93552
2020-08-27T06:03:24.733731269,29.69522,-92.89408
2020-08-27T06:03:24.773405075,29.794327,-92.88122
2020-08-27T06:03:24.775312423,29.79414,-92.88178
2020-08-27T06:03:24.777219772,29.806896,-92.868
2020-08-27T06:03:24.787137985,29.809528,-92.88227
2020-08-27T06:03:24.789045333,29.828524,-92.87544
2020-08-27T06:03:24.814986228,29.693544,-92.84317
2020-08-27T06:03:24.866866111,29.686638,-92.85894
2020-08-27T06:03:24.868773460,29.6935,-92.84318
2020-08-27T06:03:24.874877929,29.773458,-92.860695
2020-08-27T06:03:24.932480812,29.75144,-92.90069
2020-08-27T06:03:24.938202857,29.704603,-92.88883
2020-08-27T06:03:24.946213722,29.73815,-92.901344
2020-08-27T06:03:24.948121070,29.701368,-92.89395
2020-08-27T06:03:24.950409889,29.736105,-92.896416
2020-08-27T06:03:24.952317237,29.761442,-92.89725
2020-08-27T06:03:24.954224586,29.709633,-92.8941
2020-08-27T06:03:24.956131935,29.725794,-92.89393
2020-08-27T06:03:24.958039283,29.77485,-92.90463
2020-08-27T06:03:24.960328102,29.693132,-92.85755
2020-08-27T06:03:24.964142799,29.695091,-92.89135
2020-08-27T06:03:24.966050148,29.676369,-92.889595
2020-08-27T06:03:24.967957496,29.715982,-92.89369
2020-08-27T06:03:24.972153663,29.677608,-92.88692
2020-08-27T06:03:24.974061012,29.73295,-92.89702
2020-08-27T06:03:24.975968360,29.725859,-92.897995
2020-08-27T06:03:24.978257179,29.691654,-92.891106
2020-08-27T06:03:24.980164527,29.684368,-92.89163
2020-08-27T06:03:24.982071876,29.708427,-92.89368
2020-08-27T06:03:24.983979225,29.673084,-92.87483
2020-08-27T06:03:24.990082740,29.616549,-92.91797
2020-08-27T06:03:24.990082740,29.613625,-92.82573
2020-08-27T06:03:24.991990089,29.696398,-92.93546
2020-08-27T06:03:24.995805740,29.61524,-92.87741
2020-08-27T06:03:25.000001907,29.693449,-92.843185
2020-08-27T06:03:25.003816604,29.616547,-92.91808
2020-08-27T06:03:25.025941848,29.61661,-92.91792
2020-08-27T06:03:25.053789138,29.693562,-92.84318
2020-08-27T06:03:25.135044097,29.774769,-92.90036
2020-08-27T06:03:25.144962310,29.664282,-92.90425
2020-08-27T06:03:26.618221282,30.070978,-93.522934
2020-08-27T06:03:26.512552261,30.095512,-93.55372
2020-08-27T06:03:26.361488342,30.1159,-93.58332
2020-08-27T06:03:26.371406555,30.115932,-93.58332
2020-08-27T06:03:26.373695373,30.102137,-93.56384
2020-08-27T06:03:26.387428283,30.115847,-93.58317
2020-08-27T06:03:26.407264709,30.098358,-93.57925
2020-08-27T06:03:26.433205604,30.093096,-93.57805
2020-08-27T06:03:26.435112953,30.115864,-93.58331
2020-08-27T06:03:26.462960243,30.115913,-93.58328
2020-08-27T06:03:26.495004653,30.115866,-93.58332
2020-08-27T06:03:26.514841079,30.115156,-93.56223
2020-08-27T06:03:26.534677505,30.100157,-93.57688
2020-08-27T06:03:26.542689323,30.093962,-93.57824
2020-08-27T06:03:26.544596672,30.09716,-93.57898
2020-08-27T06:03:26.552607536,30.09095,-93.57752
2020-08-27T06:03:26.556422233,30.089523,-93.57718
2020-08-27T06:03:26.562525749,30.115862,-93.58326
2020-08-27T06:03:26.564433097,30.115845,-93.58326
2020-08-27T06:03:26.590373039,30.115305,-93.565216
2020-08-27T06:03:26.614025115,30.115934,-93.58326
2020-08-27T06:03:26.615932464,30.120905,-93.57044
2020-08-27T06:03:26.820784568,30.079199,-93.533226
2020-08-27T06:03:26.866561889,30.115347,-93.56487
2020-08-27T06:03:26.868469238,30.115984,-93.58326
2020-08-27T06:03:33.350502014,26.808706,-92.435005
2020-08-27T06:03:33.352409362,26.808704,-92.43499
2020-08-27T06:03:33.356605529,26.8087,-92.434944
2020-08-27T06:03:33.358512878,26.823122,-92.43767
2020-08-27T06:03:33.362327575,26.808687,-92.43493
2020-08-27T06:03:33.386362075,26.808685,-92.43496
2020-08-27T06:03:33.435953140,26.808004,-92.40778
2020-08-27T06:03:33.437860488,26.822067,-92.39721
2020-08-27T06:03:33.439767837,26.808777,-92.434944
2020-08-27T06:04:11.998552322,26.809729,-92.43643
2020-08-27T06:04:12.090106964,26.809828,-92.43644
2020-08-27T06:04:12.103839874,26.82879,-92.463684
2020-08-27T06:04:36.526668548,30.261509,-93.153725
2020-08-27T06:04:36.530864715,30.261496,-93.15373
2020-08-27T06:04:36.534679412,30.261488,-93.15374
2020-08-27T06:04:36.542690277,30.262863,-93.19329
2020-08-27T06:04:36.544597625,30.262932,-93.19445
2020-08-27T06:04:36.550701141,30.26161,-93.153755
2020-08-27T06:04:36.580455780,30.26158,-93.15376
2020-08-27T06:04:36.926454544,30.26596,-93.289085
2020-08-27T06:04:37.154958724,30.17597,-92.98307
2020-08-27T06:04:37.156866073,30.176325,-92.99414
2020-08-27T06:04:37.159154891,30.17967,-92.98065
2020-08-27T06:04:37.161062240,30.176146,-92.98919
2020-08-27T06:04:37.162969589,30.15281,-93.01017
2020-08-27T06:04:37.164876937,30.161259,-92.99986
2020-08-27T06:04:37.169073104,30.176498,-93.00119
2020-08-27T06:04:37.288093566,30.177797,-93.04265
2020-08-27T06:04:37.320137023,30.12825,-93.054146
2020-08-27T06:04:37.323951721,30.125544,-93.05361
2020-08-27T06:04:37.325859069,30.141453,-93.03048
2020-08-27T06:04:37.328147888,30.137394,-93.03141
2020-08-27T06:04:37.333869934,30.097315,-93.02464
2020-08-27T06:04:37.335777282,30.136417,-93.03358
2020-08-27T06:04:37.338066101,30.171787,-93.04243
2020-08-27T06:04:37.339975357,30.176086,-92.989
2020-08-27T06:04:37.341882705,30.09736,-93.02462
2020-08-27T06:04:37.343790054,30.097382,-93.02459
2020-08-27T06:04:37.345697402,30.097404,-93.02456
2020-08-27T06:04:37.347986221,30.126001,-93.03105
2020-08-27T06:04:37.349893569,30.176277,-92.99228
2020-08-27T06:04:37.353708267,30.097403,-93.02461
2020-08-27T06:04:37.355997085,30.113745,-93.01973
2020-08-27T06:04:37.357904434,30.151901,-93.00619
2020-08-27T06:04:37.361719131,30.08873,-92.998764
2020-08-27T06:04:37.363626480,30.136251,-93.01218
2020-08-27T06:04:37.365915298,30.09622,-92.99006
2020-08-27T06:04:37.367822647,30.102333,-93.00149
2020-08-27T06:04:37.369729995,30.173592,-93.01503
2020-08-27T06:04:37.371637344,30.098228,-92.98511
2020-08-27T06:04:37.373544692,30.115871,-92.98151
2020-08-27T06:04:37.375833511,30.095863,-92.97736
2020-08-27T06:04:37.377740859,30.073477,-92.97649
2020-08-27T06:04:37.379648208,30.07376,-92.97498
2020-08-27T06:04:37.381555557,30.095905,-92.979935
2020-08-27T06:04:37.389566421,30.058405,-92.92373
2020-08-27T06:04:37.391473770,30.013895,-92.91384
2020-08-27T06:04:37.395669937,30.013906,-92.91386
2020-08-27T06:04:37.401391983,30.013903,-92.91384
2020-08-27T06:04:37.409402847,30.053532,-92.92262
2020-08-27T06:04:37.411691665,30.013908,-92.91383
2020-08-27T06:04:37.423517227,30.013102,-92.888756
2020-08-27T06:04:37.425424575,30.013893,-92.91385
2020-08-27T06:04:37.427331924,30.01388,-92.91383
2020-08-27T06:04:37.431528091,30.013922,-92.913895
2020-08-27T06:04:37.439157485,30.013985,-92.91398
2020-08-27T06:04:37.445261001,30.01392,-92.913895
2020-08-27T06:04:37.453271865,30.0139,-92.91389
2020-08-27T06:04:37.457086563,30.013908,-92.91391
2020-08-27T06:04:37.463190078,30.013935,-92.913925
2020-08-27T06:04:37.469295501,30.013079,-92.8868
2020-08-27T06:04:37.484935760,30.012548,-92.87043
2020-08-27T06:04:37.705808639,30.035816,-92.91506
2020-08-27T06:04:53.932252883,30.046677,-93.6282
2020-08-27T06:04:53.950181961,30.03774,-93.65751
2020-08-27T06:05:08.735792160,29.711609,-92.88112
2020-08-27T06:05:08.739606857,29.707712,-92.87933
2020-08-27T06:05:08.741514205,29.694843,-92.874504
2020-08-27T06:05:08.745710372,29.69383,-92.84313
2020-08-27T06:05:08.747617721,29.693823,-92.84312
2020-08-27T06:05:08.755628585,29.70905,-92.87549
2020-08-27T06:05:08.759443283,29.694044,-92.84324
2020-08-27T06:05:08.761350631,29.710615,-92.87615
2020-08-27T06:05:08.763639450,29.694794,-92.86962
2020-08-27T06:05:08.765546798,29.693907,-92.84311
2020-08-27T06:05:08.767454147,29.721329,-92.8806
2020-08-27T06:05:08.769362449,29.719158,-92.871414
2020-08-27T06:05:08.771269798,29.724401,-92.880295
2020-08-27T06:05:08.775465965,29.725367,-92.872185
2020-08-27T06:05:08.777373313,29.69389,-92.84308
2020-08-27T06:05:08.783476829,29.731026,-92.87413
2020-08-27T06:05:08.797209739,29.77389,-92.86058
2020-08-27T06:05:08.807127952,29.74924,-92.8794
2020-08-27T06:05:08.809416770,29.747128,-92.88987
2020-08-27T06:05:08.813231468,29.775106,-92.900566
2020-08-27T06:05:08.849090576,29.69518,-92.88239
2020-08-27T06:05:08.850997924,29.695189,-92.882545
2020-08-27T06:05:08.852905273,29.705511,-92.882416
2020-08-27T06:05:08.854812622,29.687822,-92.881004
2020-08-27T06:05:08.857101440,29.686127,-92.88182
2020-08-27T06:05:08.859008789,29.684164,-92.88376
2020-08-27T06:05:08.867019653,29.6733,-92.87397
2020-08-27T06:05:08.868927001,29.68406,-92.884476
2020-08-27T06:05:08.872741699,29.722113,-92.87008
2020-08-27T06:05:08.875030517,29.668747,-92.874695
2020-08-27T06:05:08.876937866,29.667282,-92.87643
2020-08-27T06:05:08.886856079,29.694057,-92.84308
2020-08-27T06:05:08.888763427,29.72453,-92.868576
2020-08-27T06:05:08.890670776,29.737654,-92.8526
2020-08-27T06:05:08.892579078,29.663704,-92.876366
2020-08-27T06:05:08.894867897,29.678753,-92.873955
2020-08-27T06:05:08.896775245,29.739119,-92.852905
2020-08-27T06:05:08.910508155,29.635384,-92.869736
2020-08-27T06:05:08.912796974,29.653786,-92.87809
2020-08-27T06:05:08.928437232,29.630249,-92.87003
2020-08-27T06:05:08.954377174,29.805046,-92.83039
2020-08-27T06:05:08.958192825,29.823883,-92.82999
2020-08-27T06:05:08.960481643,29.799326,-92.83489
2020-08-27T06:05:08.962388992,29.785805,-92.84402
2020-08-27T06:05:08.964296340,29.780403,-92.84236
2020-08-27T06:05:08.966203689,29.795757,-92.839806
2020-08-27T06:05:08.968111038,29.832533,-92.83773
2020-08-27T06:05:08.970399856,29.852692,-92.835976
2020-08-27T06:05:08.972307205,29.834326,-92.83742
2020-08-27T06:05:08.974214553,29.81289,-92.83884
2020-08-27T06:05:08.976121902,29.773935,-92.86063
2020-08-27T06:05:08.988328933,29.850952,-92.78576
2020-08-27T06:05:08.995958328,29.887558,-92.81379
2020-08-27T06:05:08.998247146,29.90102,-92.796684
2020-08-27T06:05:09.000154495,29.889132,-92.814896
2020-08-27T06:05:09.003969192,29.906523,-92.79794
2020-08-27T06:05:09.075686454,29.800024,-92.86647
2020-08-27T06:05:09.077593803,29.77379,-92.86073
2020-08-27T06:05:09.083698272,29.743015,-92.85395
2020-08-27T06:05:09.085605621,29.76005,-92.869354
2020-08-27T06:05:09.087512969,29.773886,-92.860664
2020-08-27T06:05:09.091709136,29.779882,-92.87339
2020-08-27T06:05:09.093616485,29.737349,-92.87037
2020-08-27T06:05:09.095523834,29.772217,-92.873024
2020-08-27T06:05:09.097431182,29.738806,-92.868576
2020-08-27T06:05:09.105442047,29.773891,-92.86073
2020-08-27T06:05:09.107349395,29.773876,-92.86072
2020-08-27T06:05:09.109256744,29.755299,-92.85665
2020-08-27T06:05:09.113452911,29.77381,-92.860695
2020-08-27T06:05:09.115360260,29.773788,-92.860695
2020-08-27T06:05:09.121463775,29.796108,-92.88995
2020-08-27T06:05:09.123371124,29.773878,-92.860756
2020-08-27T06:05:09.125278472,29.77392,-92.86078
2020-08-27T06:05:09.127185821,29.80035,-92.89353
2020-08-27T06:05:09.248495101,29.802984,-92.90914
2020-08-27T06:05:09.250783920,29.66371,-92.87622
2020-08-27T06:05:09.252691268,29.665989,-92.88142
2020-08-27T06:05:09.290457725,29.77702,-92.9532
2020-08-27T06:05:09.320212364,29.72031,-92.89644
2020-08-27T06:05:09.324027061,29.774023,-92.8608
2020-08-27T06:05:09.375907897,29.799786,-92.90233
2020-08-27T06:05:09.377815246,29.75056,-92.85571
2020-08-27T06:05:09.379722595,29.70954,-92.86844
2020-08-27T06:05:09.381629943,29.655445,-92.87108
2020-08-27T06:05:09.383918762,29.694042,-92.843376
2020-08-27T06:05:09.387734413,29.642267,-92.876755
2020-08-27T06:05:09.389641761,29.655554,-92.871475
2020-08-27T06:05:09.395745277,29.6235,-92.87632
2020-08-27T06:05:09.397652626,29.648531,-92.878105
2020-08-27T06:05:09.407570838,29.623405,-92.87939
2020-08-27T06:05:09.419777870,29.615877,-92.8774
2020-08-27T06:06:00.210575103,30.036156,-93.622375
2020-08-27T06:06:00.228504657,30.035765,-93.61162
2020-08-27T06:06:32.475015640,30.0664,-93.59354
2020-08-27T06:06:32.536815643,30.035547,-93.605286
2020-08-27T06:06:32.725645065,30.068924,-93.59168
2020-08-27T06:06:36.624326705,29.71246,-92.87066
2020-08-27T06:06:36.628522872,29.692757,-92.843666
2020-08-27T06:06:36.630430221,29.712267,-92.86633
2020-08-27T06:06:36.632337570,29.692785,-92.8437
2020-08-27T06:06:36.634244918,29.711939,-92.86996
2020-08-27T06:06:36.636533737,29.692814,-92.84372
2020-08-27T06:06:36.638441085,29.69282,-92.84372
2020-08-27T06:06:36.640348434,29.71293,-92.848076
2020-08-27T06:06:36.642255783,29.714575,-92.86192
2020-08-27T06:06:36.644163131,29.69277,-92.84359
2020-08-27T06:06:36.646451950,29.712585,-92.86253
2020-08-27T06:06:36.648359298,29.708162,-92.860176
2020-08-27T06:06:36.652173995,29.692772,-92.84363
2020-08-27T06:06:36.654462814,29.692785,-92.84368
2020-08-27T06:06:36.656370162,29.6928,-92.843735
2020-08-27T06:06:36.658277511,29.692812,-92.84377
2020-08-27T06:06:36.662092208,29.692818,-92.84376
2020-08-27T06:06:36.664381027,29.710436,-92.8533
2020-08-27T06:06:36.666288375,29.724852,-92.850746
2020-08-27T06:06:36.668195724,29.728504,-92.8536
2020-08-27T06:06:36.670103073,29.692833,-92.84374
2020-08-27T06:06:36.672010421,29.733454,-92.85812
2020-08-27T06:06:36.674299240,29.73661,-92.853325
2020-08-27T06:06:36.676206588,29.692852,-92.843765
2020-08-27T06:06:36.678113937,29.739046,-92.85387
2020-08-27T06:06:36.680021286,29.692867,-92.84377
2020-08-27T06:06:36.684217453,29.734697,-92.852905
2020-08-27T06:06:36.686124801,29.74122,-92.86216
2020-08-27T06:06:36.694135665,29.73824,-92.853584
2020-08-27T06:06:36.696043014,29.733295,-92.86074
2020-08-27T06:06:36.699857711,29.772781,-92.8611
2020-08-27T06:06:36.702146530,29.747604,-92.855606
2020-08-27T06:06:36.704053878,29.75425,-92.86795
2020-08-27T06:06:36.705961227,29.772728,-92.86113
2020-08-27T06:06:36.707868576,29.773344,-92.88096
2020-08-27T06:06:36.709775924,29.772728,-92.86117
2020-08-27T06:06:36.717786788,29.77279,-92.86125
2020-08-27T06:06:36.721984863,29.772774,-92.861206
2020-08-27T06:06:36.725799560,29.70643,-92.863754
2020-08-27T06:06:36.727706909,29.692802,-92.843666
2020-08-27T06:06:36.729995727,29.693535,-92.8663
2020-08-27T06:06:36.731903076,29.772774,-92.861145
2020-08-27T06:06:36.733810424,29.692839,-92.84367
2020-08-27T06:06:36.737625122,29.708921,-92.87336
2020-08-27T06:06:36.741821289,29.693705,-92.87056
2020-08-27T06:06:36.743728637,29.692842,-92.84363
2020-08-27T06:06:36.753646850,29.819635,-92.87144
2020-08-27T06:06:36.755554199,29.78546,-92.8616
2020-08-27T06:06:36.789505004,29.825138,-92.89896
2020-08-27T06:06:36.791412353,29.822208,-92.87195
2020-08-27T06:06:36.795608520,29.82236,-92.88989
2020-08-27T06:06:36.801330566,29.852795,-92.87867
2020-08-27T06:06:36.815444946,29.840193,-92.890724
2020-08-27T06:06:36.819259643,29.852764,-92.87877
2020-08-27T06:06:36.821166992,29.82666,-92.87304
2020-08-27T06:06:36.823074340,29.833654,-92.87459
2020-08-27T06:06:36.825363159,29.827917,-92.88411
2020-08-27T06:06:36.827270507,29.81568,-92.87065
2020-08-27T06:06:36.829177856,29.852823,-92.87878
2020-08-27T06:06:36.831085205,29.837234,-92.87531
2020-08-27T06:06:36.835281372,29.829575,-92.87354
2020-08-27T06:06:36.837188720,29.836468,-92.87501
2020-08-27T06:06:36.839096069,29.836828,-92.875084
2020-08-27T06:06:36.841003417,29.830343,-92.87297
2020-08-27T06:06:36.843292236,29.818777,-92.86516
2020-08-27T06:06:36.845201492,29.826357,-92.86892
2020-08-27T06:06:36.847108840,29.81012,-92.869
2020-08-27T06:06:36.849016189,29.812706,-92.86843
2020-08-27T06:06:36.850923538,29.816338,-92.867455
2020-08-27T06:06:36.853212356,29.82499,-92.86463
2020-08-27T06:06:36.860841751,29.830338,-92.87372
2020-08-27T06:06:36.866945266,29.852922,-92.87871
2020-08-27T06:06:36.868852615,29.852922,-92.8787
2020-08-27T06:06:36.871141433,29.852922,-92.87869
2020-08-27T06:06:36.882966995,29.852932,-92.87868
2020-08-27T06:06:37.119482040,29.82624,-92.90454
2020-08-27T06:06:37.139318466,29.658875,-92.87395
2020-08-27T06:06:37.143514633,29.659843,-92.87574
2020-08-27T06:06:37.165258407,29.807419,-92.880455
2020-08-27T06:06:37.193105697,29.786955,-92.8921
2020-08-27T06:06:37.216758728,29.751997,-92.885765
2020-08-27T06:06:37.219047546,29.779982,-92.88288
2020-08-27T06:06:37.222862243,29.776188,-92.879585
2020-08-27T06:06:37.224769592,29.772718,-92.86109
2020-08-27T06:06:37.226676940,29.772713,-92.86107
2020-08-27T06:06:37.228965759,29.750616,-92.85625
2020-08-27T06:06:37.230873107,29.772728,-92.86111
2020-08-27T06:06:37.232780456,29.772196,-92.84385
2020-08-27T06:06:37.234687805,29.759169,-92.83344
2020-08-27T06:06:37.236595153,29.772762,-92.86119
2020-08-27T06:06:37.238883972,29.771742,-92.829056
2020-08-27T06:06:37.240791320,29.772749,-92.8612
2020-08-27T06:06:37.244606018,29.77272,-92.86118
2020-08-27T06:06:37.246894836,29.771711,-92.82981
2020-08-27T06:06:37.250709533,29.772713,-92.86116
2020-08-27T06:06:37.258720397,29.772747,-92.86114
2020-08-27T06:06:37.280464172,29.741951,-92.85101
2020-08-27T06:06:37.282371520,29.749283,-92.84851
2020-08-27T06:06:37.286567687,29.852827,-92.87873
2020-08-27T06:06:37.288475036,29.833431,-92.852745
2020-08-27T06:06:37.290382385,29.769825,-92.768814
2020-08-27T06:06:37.290382385,29.809185,-92.85128
2020-08-27T06:06:37.292289733,29.828558,-92.85215
2020-08-27T06:06:37.294578552,29.823418,-92.87231
2020-08-27T06:06:37.296485900,29.826092,-92.8729
2020-08-27T06:06:37.298393249,29.852743,-92.87876
2020-08-27T06:07:04.534982681,29.708683,-92.87484
2020-08-27T06:07:04.549097061,29.692808,-92.84328
2020-08-27T06:07:04.551004409,29.713968,-92.87292
2020-08-27T06:07:04.574656486,29.692894,-92.84328
2020-08-27T06:07:04.630352020,29.70943,-92.874695
2020-08-27T06:07:04.632640838,29.692879,-92.84327
2020-08-27T06:07:04.638362884,29.693903,-92.87529
2020-08-27T06:07:04.640270233,29.69386,-92.87387
2020-08-27T06:07:04.644466400,29.713888,-92.871864
2020-08-27T06:07:04.646373748,29.692892,-92.84327
2020-08-27T06:07:04.650188446,29.692911,-92.84329
2020-08-27T06:07:04.654384613,29.714132,-92.87336
2020-08-27T06:07:04.656291961,29.692957,-92.843346
2020-08-27T06:07:04.658199310,29.712341,-92.87376
2020-08-27T06:07:04.660106658,29.69295,-92.84337
2020-08-27T06:07:04.687954902,29.693687,-92.86619
2020-08-27T06:07:04.690243721,29.69296,-92.84331
2020-08-27T06:07:04.692151069,29.692963,-92.843315
2020-08-27T06:07:04.700161933,29.69296,-92.84334
2020-08-27T06:07:04.708172798,29.692942,-92.84331
2020-08-27T06:07:04.940491676,29.711224,-92.84853
2020-08-27T06:07:04.942399024,29.724682,-92.850365
2020-08-27T06:07:04.964524269,29.693012,-92.843414
2020-08-27T06:07:04.966431617,29.693018,-92.84338
2020-08-27T06:07:04.980545997,29.69398,-92.87194
2020-08-27T06:07:04.996187210,29.693047,-92.8435
2020-08-27T06:07:05.018312454,29.693092,-92.84348
2020-08-27T06:07:05.057986259,29.720139,-92.878235
2020-08-27T06:07:46.992448806,29.749207,-92.85576
2020-08-27T06:07:46.998170852,29.771482,-92.86063
2020-08-27T06:07:47.024110794,29.758703,-92.88702
2020-08-27T06:07:47.048144340,29.771437,-92.86049
2020-08-27T06:07:47.058062553,29.771563,-92.86069
2020-08-27T06:07:47.059969902,29.771545,-92.86068
2020-08-27T06:07:47.061877250,29.771528,-92.86067
2020-08-27T06:07:47.066073417,29.771496,-92.86066
2020-08-27T06:07:47.073702812,29.771984,-92.87594
2020-08-27T06:07:47.093920707,29.729805,-92.877686
2020-08-27T06:07:47.133594512,29.69152,-92.84319
2020-08-27T06:07:47.149234771,29.77151,-92.86058
2020-08-27T06:07:47.330435752,29.771898,-92.86081
2020-08-27T06:07:47.334250450,29.727877,-92.86024
2020-08-27T06:07:47.366294860,29.733456,-92.852295
2020-08-27T06:07:47.455559730,29.769726,-92.877144
2020-08-27T06:07:47.457467079,29.731606,-92.87769
2020-08-27T06:07:47.459374427,29.749472,-92.85588
2020-08-27T06:07:47.461663246,29.731766,-92.86279
2020-08-27T06:07:47.469675064,29.74348,-92.86742
2020-08-27T06:07:47.471582412,29.729221,-92.87295
2020-08-27T06:07:47.483407974,29.771847,-92.860664
2020-08-27T06:07:47.485315322,29.691908,-92.843185
2020-08-27T06:07:58.815521240,29.701283,-91.182274
2020-08-27T06:08:01.151675701,28.292875,-91.5625
2020-08-27T06:08:01.153964519,28.29591,-91.56307
2020-08-27T06:08:01.161593914,28.295465,-91.56297
2020-08-27T06:08:01.183719635,28.29417,-91.56279
2020-08-27T06:08:42.878997325,30.037262,-93.65908
2020-08-27T06:08:42.880904674,30.001152,-93.65073
2020-08-27T06:08:42.885100841,29.998686,-93.65017
2020-08-27T06:08:42.888915538,29.995337,-93.64939
2020-08-27T06:08:43.049898147,29.933247,-93.434425
2020-08-27T06:08:43.051805496,29.870373,-93.435715
2020-08-27T06:08:43.051805496,30.034065,-93.56568
2020-08-27T06:08:43.056001663,29.870348,-93.43571
2020-08-27T06:08:43.056001663,30.035524,-93.61008
2020-08-27T06:08:43.059816360,29.984165,-93.52558
2020-08-27T06:08:43.065919876,29.931238,-93.43343
2020-08-27T06:08:43.067827224,29.870487,-93.43579
2020-08-27T06:08:43.067827224,30.035976,-93.61955
2020-08-27T06:08:43.153278350,29.980183,-93.57505
2020-08-27T06:08:43.157474517,29.968653,-93.50032
2020-08-27T06:08:43.202870368,29.951014,-93.51914
2020-08-27T06:08:43.210881233,29.956446,-93.46471
2020-08-27T06:08:43.220799446,29.870367,-93.435684
2020-08-27T06:08:43.220799446,29.9973,-93.64978
2020-08-27T06:08:43.224995613,29.99834,-93.650024
2020-08-27T06:08:43.224995613,29.87041,-93.43569
2020-08-27T06:08:43.228810310,29.93626,-93.53098
2020-08-27T06:08:43.230717658,29.921541,-93.441925
2020-08-27T06:08:43.233006477,29.869144,-93.397064
2020-08-27T06:08:43.233006477,29.99869,-93.65016
2020-08-27T06:08:43.312353134,30.007074,-93.558586
2020-08-27T06:08:46.459527015,29.984917,-92.90827
2020-08-27T06:08:46.461434364,29.986816,-92.90871
2020-08-27T06:08:46.463723182,30.012674,-92.914444
2020-08-27T06:08:46.465630531,30.012676,-92.91446
2020-08-27T06:08:46.467537879,29.989447,-92.90934
2020-08-27T06:08:46.471352577,29.991226,-92.909706
2020-08-27T06:08:46.473641395,30.012657,-92.91444
2020-08-27T06:08:46.475548744,30.012651,-92.91441
2020-08-27T06:08:46.481271743,30.012636,-92.9144
2020-08-27T06:08:46.483560562,30.01263,-92.9144
2020-08-27T06:08:46.485467910,30.012627,-92.9144
2020-08-27T06:08:46.487375259,30.012623,-92.9144
2020-08-27T06:08:46.489282608,30.012613,-92.91439
2020-08-27T06:08:46.501489639,29.98507,-92.90828
2020-08-27T06:08:46.507211685,29.980919,-92.90733
2020-08-27T06:08:46.509119033,30.012674,-92.91436
2020-08-27T06:08:46.511407852,30.012686,-92.91436
2020-08-27T06:08:46.513315200,30.012695,-92.91436
2020-08-27T06:08:46.515222549,29.984486,-92.890526
2020-08-27T06:08:46.517129898,30.045063,-92.921555
2020-08-27T06:08:46.536966323,30.073341,-92.927925
2020-08-27T06:08:46.541163444,30.09306,-92.932335
2020-08-27T06:08:46.543070793,30.093063,-92.93235
2020-08-27T06:08:46.544978141,30.093065,-92.932365
2020-08-27T06:08:46.546885490,30.071554,-92.928764
2020-08-27T06:08:46.551081657,30.093046,-92.93232
2020-08-27T06:08:46.552989006,30.093033,-92.932274
2020-08-27T06:08:46.554896354,30.09302,-92.932236
2020-08-27T06:08:46.556803703,30.078993,-92.924286
2020-08-27T06:08:46.562907218,30.10438,-92.91533
2020-08-27T06:08:46.564814567,30.081238,-92.912445
2020-08-27T06:08:46.566721916,30.093023,-92.93233
2020-08-27T06:08:46.569010734,30.110031,-92.92287
2020-08-27T06:08:46.570918083,30.093033,-92.9323
2020-08-27T06:08:46.572825431,29.9324,-92.896645
2020-08-27T06:08:46.572825431,30.116385,-92.93748
2020-08-27T06:08:46.577021598,30.124615,-92.93926
2020-08-27T06:08:46.578928947,30.093046,-92.932205
2020-08-27T06:08:46.608684539,29.908907,-92.891464
2020-08-27T06:08:46.648357391,29.894167,-92.88821
2020-08-27T06:08:46.650646209,29.852251,-92.87898
2020-08-27T06:08:46.652553558,29.852236,-92.87898
2020-08-27T06:08:46.654460906,29.897429,-92.888954
2020-08-27T06:08:46.662471771,29.852175,-92.878975
2020-08-27T06:08:46.710156440,29.99052,-92.88306
2020-08-27T06:08:46.765851974,30.012587,-92.91443
2020-08-27T06:08:46.769666671,29.90093,-92.889725
2020-08-27T06:08:46.771574020,29.924107,-92.879364
2020-08-27T06:08:46.773862838,29.852215,-92.878975
2020-08-27T06:08:46.779584884,29.882248,-92.88558
2020-08-27T06:08:46.781492233,29.886135,-92.88644
2020-08-27T06:08:46.783781051,29.892626,-92.87707
2020-08-27T06:08:46.785688400,29.914108,-92.88156
2020-08-27T06:08:46.787595748,29.928066,-92.88237
2020-08-27T06:08:46.793700218,29.902048,-92.878334
2020-08-27T06:08:46.795607566,29.96578,-92.90405
2020-08-27T06:08:46.799422264,29.856665,-92.87676
2020-08-27T06:08:46.801711082,29.900942,-92.87907
2020-08-27T06:08:46.803618431,29.882494,-92.877785
2020-08-27T06:08:46.805525779,29.945246,-92.88625
2020-08-27T06:08:46.807433128,29.852226,-92.879036
2020-08-27T06:08:46.809340476,29.852226,-92.87901
2020-08-27T06:08:46.811629295,29.827614,-92.87358
2020-08-27T06:08:46.815443992,29.852215,-92.87893
2020-08-27T06:08:46.821547508,29.772142,-92.86135
2020-08-27T06:08:47.004274368,29.952236,-92.8894
2020-08-27T06:08:47.006181716,29.932207,-92.88148
2020-08-27T06:08:47.008089065,30.091587,-92.887825
2020-08-27T06:08:47.038226127,29.748901,-92.83864
2020-08-27T06:08:47.040133476,29.772114,-92.86131
2020-08-27T06:08:47.181279182,29.73706,-92.853775
2020-08-27T06:08:47.183186531,29.777143,-92.86541
2020-08-27T06:08:47.187382698,29.987371,-92.892265
2020-08-27T06:08:47.189290046,30.008806,-92.88601
2020-08-27T06:08:47.191197395,29.912045,-92.88281
2020-08-27T06:08:47.193104743,29.973095,-92.88393
2020-08-27T06:08:47.195012092,30.040543,-92.8897
2020-08-27T06:08:47.199208259,30.129524,-92.89181
2020-08-27T06:08:47.240789413,30.173628,-92.950294
2020-08-27T06:08:47.242696762,30.173624,-92.95032
2020-08-27T06:08:47.244985580,30.134073,-92.91494
2020-08-27T06:08:47.246892929,30.140118,-92.92775
2020-08-27T06:08:47.248800277,30.1228,-92.915016
2020-08-27T06:08:47.250707626,30.125755,-92.9172
2020-08-27T06:08:47.252614974,30.098392,-92.90626
2020-08-27T06:08:47.254903793,30.087837,-92.90639
2020-08-27T06:08:47.256811141,30.096424,-92.91027
2020-08-27T06:08:47.258718490,30.083984,-92.9109
2020-08-27T06:08:47.260625839,30.068577,-92.90454
2020-08-27T06:08:47.262914657,30.043123,-92.90386
2020-08-27T06:08:47.264822006,30.059385,-92.90533
2020-08-27T06:08:47.266729354,30.051083,-92.90355
2020-08-27T06:08:47.268636703,30.055548,-92.912865
2020-08-27T06:08:47.270544052,30.078096,-92.91259
2020-08-27T06:08:47.272832870,30.08581,-92.915436
2020-08-27T06:08:47.274740219,30.081093,-92.90983
2020-08-27T06:08:47.276647567,30.08773,-92.91442
2020-08-27T06:08:47.278554916,30.073492,-92.90523
2020-08-27T06:08:47.280462265,30.096441,-92.91915
2020-08-27T06:08:47.282751083,29.932486,-92.89664
2020-08-27T06:08:47.282751083,30.176619,-93.04319
2020-08-27T06:08:47.282751083,30.094519,-92.91207
2020-08-27T06:08:47.284659385,30.089027,-92.91588
2020-08-27T06:08:47.286566734,30.080858,-92.913185
2020-08-27T06:08:47.288474082,30.066626,-92.90229
2020-08-27T06:08:47.290381431,30.077953,-92.90904
2020-08-27T06:08:47.292670249,30.071918,-92.905396
2020-08-27T06:08:47.294577598,30.067465,-92.9008
2020-08-27T06:08:47.296484947,30.07513,-92.90875
2020-08-27T06:08:47.298392295,30.067394,-92.8988
2020-08-27T06:08:47.300681114,30.067724,-92.8999
2020-08-27T06:08:47.302588462,30.06399,-92.89134
2020-08-27T06:08:47.304495811,30.061205,-92.89281
2020-08-27T06:08:47.306403160,30.058418,-92.89264
2020-08-27T06:08:47.308310508,30.046066,-92.887955
2020-08-27T06:08:47.310599327,30.054562,-92.89698
2020-08-27T06:08:47.312506675,30.012785,-92.91434
2020-08-27T06:08:47.449837684,29.911077,-92.8692
2020-08-27T06:08:47.499429702,29.917053,-92.86602
2020-08-27T06:08:47.596706390,29.932585,-92.8967
2020-08-27T06:08:47.598613739,29.988232,-92.89667
2020-08-27T06:08:47.600902557,30.034498,-92.88554
2020-08-27T06:08:47.626461029,29.974207,-92.9058
2020-08-27T06:08:47.628368377,30.012815,-92.91434
2020-08-27T06:08:47.630657196,30.06839,-92.88847
2020-08-27T06:08:55.644697189,29.692032,-92.84388
2020-08-27T06:08:55.646604537,29.727585,-92.82973
2020-08-27T06:08:55.648511886,29.720095,-92.85001
2020-08-27T06:08:55.650419235,29.722975,-92.85066
2020-08-27T06:08:55.674451828,29.692041,-92.84389
2020-08-27T06:08:55.688184738,29.691984,-92.84391
2020-08-27T06:08:55.694288253,29.712498,-92.85991
2020-08-27T06:08:55.696195602,29.691956,-92.84384
2020-08-27T06:08:55.700391769,29.691944,-92.84385
2020-08-27T06:08:55.702299118,29.69194,-92.84387
2020-08-27T06:08:55.716032028,29.713518,-92.86047
2020-08-27T06:08:55.732055664,29.702442,-92.86131
2020-08-27T06:08:55.733963012,29.691986,-92.84393
2020-08-27T06:08:55.740066528,29.692005,-92.843925
2020-08-27T06:08:55.783554077,29.692017,-92.84392
2020-08-27T06:08:55.789657592,29.691017,-92.811584
2020-08-27T06:08:55.809494018,29.748379,-92.856255
2020-08-27T06:08:55.811401367,29.74354,-92.85515
2020-08-27T06:08:55.837341308,29.693155,-92.87633
2020-08-27T06:08:55.841537475,29.6931,-92.87502
2020-08-27T06:08:55.843444824,29.692865,-92.86794
2020-08-27T06:08:55.847259521,29.689356,-92.85695
2020-08-27T06:08:55.849166870,29.69208,-92.843864
2020-08-27T06:08:55.932710647,29.724836,-92.84832
2020-08-27T06:08:55.934617996,29.734982,-92.85324
2020-08-27T06:08:55.936906814,29.731133,-92.85241
2020-08-27T06:08:55.938814163,29.733606,-92.85295
2020-08-27T06:08:55.940721511,29.73785,-92.853874
2020-08-27T06:08:55.950639724,29.738976,-92.85409
2020-08-27T06:08:55.952547073,29.739824,-92.837555
2020-08-27T06:08:55.954835891,29.72582,-92.848305
2020-08-27T06:08:55.956743240,29.741426,-92.83966
2020-08-27T06:08:55.958650588,29.735289,-92.85331
2020-08-27T06:08:55.960557937,29.728937,-92.83864
2020-08-27T06:08:55.962465286,29.745377,-92.83595
2020-08-27T06:08:55.964754104,29.692156,-92.843925
2020-08-27T06:08:55.966661453,29.772099,-92.86142
2020-08-27T06:08:56.211187362,29.732616,-92.85264
2020-08-27T06:08:56.213094711,29.71729,-92.84342
2020-08-27T06:08:56.215002059,29.704332,-92.847466
2020-08-27T06:08:56.217290878,29.69218,-92.8438
2020-08-27T06:08:56.255058288,29.692148,-92.8439
2020-08-27T06:08:56.316474914,29.690527,-92.79326
2020-08-27T06:08:56.360345840,29.744293,-92.83023
2020-08-27T06:08:56.427865982,29.692116,-92.84379
2020-08-27T06:09:19.306478024,29.808542,-92.86989
2020-08-27T06:09:19.310674191,29.806341,-92.86936
2020-08-27T06:09:19.312581540,29.811417,-92.87044
2020-08-27T06:09:19.318685532,29.81658,-92.87147
2020-08-27T06:09:19.320592881,29.816875,-92.87155
2020-08-27T06:09:19.326314927,29.82421,-92.8732
2020-08-27T06:09:19.334325791,29.827179,-92.86014
2020-08-27T06:09:19.354162694,29.771996,-92.86173
2020-08-27T06:09:19.358358861,29.772009,-92.86176
2020-08-27T06:09:19.360266209,29.790382,-92.85849
2020-08-27T06:09:19.362173558,29.772058,-92.86177
2020-08-27T06:09:19.388113976,29.852228,-92.87944
2020-08-27T06:09:19.394217492,29.852251,-92.87943
2020-08-27T06:09:19.401846886,29.852253,-92.879425
2020-08-27T06:09:19.404135705,29.832209,-92.87502
2020-08-27T06:09:19.406043053,29.85224,-92.87942
2020-08-27T06:09:19.409858227,29.85225,-92.87942
2020-08-27T06:09:19.411765576,29.832678,-92.86285
2020-08-27T06:09:19.414054394,29.852278,-92.87943
2020-08-27T06:09:19.441902161,29.852129,-92.879425
2020-08-27T06:09:19.443809510,29.852108,-92.87939
2020-08-27T06:09:19.445716858,29.840332,-92.86311
2020-08-27T06:09:19.447624207,29.839169,-92.86036
2020-08-27T06:09:19.449531556,29.846859,-92.86253
2020-08-27T06:09:19.451820374,29.837658,-92.855995
2020-08-27T06:09:19.453727723,29.848976,-92.857155
2020-08-27T06:09:19.455635071,29.851234,-92.85309
2020-08-27T06:09:19.457542420,29.843616,-92.863335
2020-08-27T06:09:19.459831238,29.85208,-92.87928
2020-08-27T06:09:19.461738587,29.852093,-92.8793
2020-08-27T06:09:19.537271023,29.852211,-92.87939
2020-08-27T06:09:19.620813847,29.786871,-92.85018
2020-08-27T06:09:19.622721196,29.772087,-92.86177
2020-08-27T06:09:19.630732537,29.772144,-92.8618
2020-08-27T06:09:19.632639885,29.786537,-92.8664
2020-08-27T06:09:19.716182709,29.850761,-92.83463
2020-08-27T06:09:19.718090058,29.851181,-92.84762
2020-08-27T06:09:53.245595932,28.319532,-91.55222
2020-08-27T06:09:53.247503280,28.319437,-91.54918
2020-08-27T06:09:53.259330749,28.319284,-91.5438
2020-08-27T06:09:53.263145446,28.319313,-91.54366
2020-08-27T06:09:53.307014465,28.294935,-91.50854
2020-08-27T06:09:53.313117980,28.287853,-91.504585
2020-08-27T06:09:53.318840026,28.23955,-91.464165
2020-08-27T06:09:53.350883483,28.240189,-91.48723
2020-08-27T06:09:53.352790832,28.250324,-91.499466
2020-08-27T06:09:53.354698181,28.267536,-91.515594
2020-08-27T06:09:53.356605529,28.290913,-91.54508
2020-08-27T06:09:53.372627258,28.161604,-91.44941
2020-08-27T06:09:53.374534606,28.161608,-91.44941
2020-08-27T06:09:53.688871383,28.086212,-91.524345
2020-08-27T06:09:53.692686080,28.08622,-91.52429
2020-08-27T06:09:53.865875244,28.378386,-91.50652
2020-08-27T06:09:53.893342971,28.38187,-91.50333
2020-08-27T06:09:53.895631790,28.37727,-91.50613
2020-08-27T06:09:53.937211990,28.382383,-91.50699
2020-08-27T06:09:53.957048416,28.395529,-91.46506
2020-08-27T06:10:14.551006317,30.037518,-93.63872
2020-08-27T06:10:14.560924530,30.038166,-93.65939
2020-08-27T06:10:14.594875335,30.038086,-93.65929
2020-08-27T06:10:14.596782684,30.05239,-93.64697
2020-08-27T06:10:14.664304733,30.037455,-93.64056
2020-08-27T06:10:14.666212081,30.058052,-93.66291
2020-08-27T06:10:14.724195480,30.038086,-93.659355
2020-08-27T06:10:14.726102828,30.055115,-93.65971
2020-08-27T06:10:14.728010177,30.0381,-93.65937
2020-08-27T06:10:14.729917526,30.038078,-93.65936
2020-08-27T06:10:14.731824874,30.03806,-93.659355
2020-08-27T06:10:14.734113693,30.05332,-93.647865
2020-08-27T06:10:14.773788452,30.056995,-93.662094
2020-08-27T06:10:38.241020202,30.173553,-92.95098
2020-08-27T06:10:38.242927551,30.173548,-92.95097
2020-08-27T06:10:38.247123718,30.173534,-92.950966
2020-08-27T06:10:39.525444985,29.717787,-91.05572
2020-08-27T06:10:39.527733803,29.71791,-91.06073
2020-08-27T06:10:39.529641152,29.717022,-91.0299
2020-08-27T06:10:39.531548501,29.717014,-91.029884
2020-08-27T06:10:39.579233170,29.717085,-91.02988
2020-08-27T06:10:39.855421544,29.736843,-91.067444
2020-08-27T06:10:39.909209729,29.75372,-91.172066
2020-08-27T06:10:43.873122215,29.819534,-92.84203
2020-08-27T06:10:43.875411033,29.852345,-92.87924
2020-08-27T06:10:43.877318382,29.83327,-92.851364
2020-08-27T06:10:43.879225730,29.83739,-92.84987
2020-08-27T06:10:43.881134033,29.838804,-92.84968
2020-08-27T06:10:43.883041381,29.840406,-92.84714
2020-08-27T06:10:43.885330200,29.852436,-92.879326
2020-08-27T06:10:43.887237548,29.840265,-92.849625
2020-08-27T06:10:43.889144897,29.837265,-92.85868
2020-08-27T06:10:43.891052246,29.833796,-92.85986
2020-08-27T06:10:43.893341064,29.851374,-92.84702
2020-08-27T06:10:43.895248413,29.852373,-92.879295
2020-08-27T06:10:43.897155761,29.851332,-92.84753
2020-08-27T06:10:43.899063110,29.85146,-92.851555
2020-08-27T06:10:43.900970458,29.864784,-92.85494
2020-08-27T06:10:43.903259277,29.85136,-92.847725
2020-08-27T06:10:43.905166625,29.830652,-92.874565
2020-08-27T06:10:43.908981323,29.866043,-92.85829
2020-08-27T06:10:43.910888671,29.852411,-92.87937
2020-08-27T06:10:43.913177490,29.87042,-92.86253
2020-08-27T06:10:43.918899536,29.875114,-92.87281
2020-08-27T06:10:43.920806884,29.88041,-92.885544
2020-08-27T06:10:43.923095703,29.883047,-92.87712
2020-08-27T06:10:43.925003051,29.872581,-92.86426
2020-08-27T06:10:43.926910400,29.885044,-92.88653
2020-08-27T06:10:43.933013916,29.894402,-92.88859
2020-08-27T06:10:43.934921264,29.887344,-92.874466
2020-08-27T06:10:43.938735961,29.899414,-92.889694
2020-08-27T06:10:43.942933082,29.913647,-92.89282
2020-08-27T06:10:43.948655128,29.908018,-92.882935
2020-08-27T06:10:43.952851295,29.932554,-92.89697
2020-08-27T06:10:43.954758644,29.899073,-92.879326
2020-08-27T06:10:43.956665992,29.881044,-92.86393
2020-08-27T06:10:43.958954811,29.882654,-92.87474
2020-08-27T06:10:43.960862159,29.905767,-92.89109
2020-08-27T06:10:43.962769508,29.908344,-92.884415
2020-08-27T06:10:43.964676856,29.907524,-92.8915
2020-08-27T06:10:43.966584205,29.884012,-92.880936
2020-08-27T06:10:43.968873023,29.825296,-92.86675
2020-08-27T06:10:43.970780372,29.77234,-92.86179
2020-08-27T06:10:43.972687721,29.817156,-92.869385
2020-08-27T06:10:43.976502418,29.80794,-92.86623
2020-08-27T06:10:43.978791236,29.808918,-92.86288
2020-08-27T06:10:43.980698585,29.79999,-92.86126
2020-08-27T06:10:43.982605934,29.806648,-92.85897
2020-08-27T06:10:43.986802101,29.772305,-92.86175
2020-08-27T06:10:43.988709449,29.772299,-92.86175
2020-08-27T06:10:43.990616798,29.792591,-92.86621
2020-08-27T06:10:43.992524147,29.791698,-92.85671
2020-08-27T06:10:43.994431495,29.85144,-92.87216
2020-08-27T06:10:43.996720314,29.80327,-92.86858
2020-08-27T06:10:43.998627662,29.772331,-92.861786
2020-08-27T06:10:44.000535011,29.79291,-92.85489
2020-08-27T06:10:44.002442359,29.790709,-92.85216
2020-08-27T06:10:44.004350662,29.790773,-92.85195
2020-08-27T06:10:44.006639480,29.78991,-92.85434
2020-08-27T06:10:44.008546829,29.794937,-92.85636
2020-08-27T06:10:44.010454177,29.772392,-92.8617
2020-08-27T06:10:44.012361526,29.772385,-92.86172
2020-08-27T06:10:44.046312332,29.851067,-92.836784
2020-08-27T06:10:44.103915214,29.932627,-92.89704
2020-08-27T06:10:44.425880432,29.824368,-92.861
2020-08-27T06:10:44.427787780,29.813946,-92.85224
2020-08-27T06:10:44.430076599,29.809664,-92.849434
2020-08-27T06:10:44.499505996,29.851025,-92.82831
2020-08-27T06:10:57.911806106,26.886253,-92.45069
2020-08-27T06:10:57.913713455,26.890919,-92.45
2020-08-27T06:10:57.915620803,26.891087,-92.448524
2020-08-27T06:10:57.917528152,26.8877,-92.451904
2020-08-27T06:10:57.919816970,26.891153,-92.44857
2020-08-27T06:10:57.925539016,26.884844,-92.45103
2020-08-27T06:10:57.927446365,26.884731,-92.454544
2020-08-27T06:10:57.929735183,26.884804,-92.451035
2020-08-27T06:10:57.931642532,26.867653,-92.43103
2020-08-27T06:10:57.933549880,26.863066,-92.42837
2020-08-27T06:10:57.935457229,26.849445,-92.444275
2020-08-27T06:10:57.937364578,26.856716,-92.44565
2020-08-27T06:10:57.973224639,26.912296,-92.44782
2020-08-27T06:10:57.975131988,26.908707,-92.4353
2020-08-27T06:11:30.276953697,29.820963,-92.9098
2020-08-27T06:11:30.286871910,29.811491,-92.90386
2020-08-27T06:11:30.292975425,29.772448,-92.861626
2020-08-27T06:11:30.308615684,29.773466,-92.89319
2020-08-27T06:11:30.310904502,29.772432,-92.86166
2020-08-27T06:11:30.312811851,29.791252,-92.89083
2020-08-27T06:11:30.314719200,29.79522,-92.88839
2020-08-27T06:11:30.330741882,29.795084,-92.88791
2020-08-27T06:11:30.348670959,29.795168,-92.88614
2020-08-27T06:11:30.370414733,29.793324,-92.884415
2020-08-27T06:11:30.406273841,29.77345,-92.89382
2020-08-27T06:11:30.408181190,29.797401,-92.897675
2020-08-27T06:11:30.414284706,29.773129,-92.8844
2020-08-27T06:11:30.416192054,29.790295,-92.89509
2020-08-27T06:11:30.418099403,29.792854,-92.89538
2020-08-27T06:11:30.429924964,29.772385,-92.86168
2020-08-27T06:11:30.431832313,29.789904,-92.88919
2020-08-27T06:11:30.449762344,29.772415,-92.86169
2020-08-27T06:11:30.452051162,29.78641,-92.88281
2020-08-27T06:11:30.453958511,29.790949,-92.8913
2020-08-27T06:11:30.455865859,29.79981,-92.896866
2020-08-27T06:11:30.457773208,29.772404,-92.86174
2020-08-27T06:11:30.459680557,29.773005,-92.88076
2020-08-27T06:11:30.461969375,29.772392,-92.86172
2020-08-27T06:11:30.463876724,29.779984,-92.87535
2020-08-27T06:11:30.477609634,29.77235,-92.8616
2020-08-27T06:11:30.479898452,29.772362,-92.86161
2020-08-27T06:11:30.483713150,29.77239,-92.861626
2020-08-27T06:11:30.519572257,29.772308,-92.86166
2020-08-27T06:11:30.539408683,29.782946,-92.88486
2020-08-27T06:11:30.563059806,29.744312,-92.88241
2020-08-27T06:11:30.565349578,29.730993,-92.874115
2020-08-27T06:11:30.567256927,29.779247,-92.883514
2020-08-27T06:11:30.569164276,29.804893,-92.89311
2020-08-27T06:11:30.621044158,29.79309,-92.886024
2020-08-27T06:11:30.622951507,29.811209,-92.87021
2020-08-27T06:11:30.626767158,29.798756,-92.88711
2020-08-27T06:11:30.628674507,29.797987,-92.88413
2020-08-27T06:11:30.630963325,29.805973,-92.8838
2020-08-27T06:11:30.632870674,29.804766,-92.88192
2020-08-27T06:11:30.634778022,29.806492,-92.880165
2020-08-27T06:11:30.636685371,29.802727,-92.874504
2020-08-27T06:11:30.638592720,29.806532,-92.88179
2020-08-27T06:11:30.640881538,29.804968,-92.863556
2020-08-27T06:11:30.642788887,29.81166,-92.87347
2020-08-27T06:11:30.644696235,29.815434,-92.87421
2020-08-27T06:11:30.646603584,29.814718,-92.87773
2020-08-27T06:11:30.648510932,29.824785,-92.874664
2020-08-27T06:11:30.650799751,29.814936,-92.86195
2020-08-27T06:11:30.652707099,29.816538,-92.8714
2020-08-27T06:11:30.654614448,29.834225,-92.87074
2020-08-27T06:11:30.656521797,29.819847,-92.87386
2020-08-27T06:11:30.658810615,29.820309,-92.87156
2020-08-27T06:11:30.660717964,29.81854,-92.865456
2020-08-27T06:11:30.662625312,29.8283,-92.85948
2020-08-27T06:11:30.664532661,29.819689,-92.87209
2020-08-27T06:11:30.666440010,29.834772,-92.85689
2020-08-27T06:11:30.668728828,29.835155,-92.86843
2020-08-27T06:11:30.670636177,29.835863,-92.87665
2020-08-27T06:11:30.672543525,29.823431,-92.87077
2020-08-27T06:11:30.674450874,29.834461,-92.872925
2020-08-27T06:11:30.676358222,29.825275,-92.87548
2020-08-27T06:11:30.678647041,29.819561,-92.87104
2020-08-27T06:11:30.680554389,29.822344,-92.87256
2020-08-27T06:11:30.684369087,29.808268,-92.869514
2020-08-27T06:11:30.688566207,29.852396,-92.87925
2020-08-27T06:11:30.690473556,29.828016,-92.858574
2020-08-27T06:11:30.692380905,29.817698,-92.854225
2020-08-27T06:11:30.694288253,29.772318,-92.861694
2020-08-27T06:11:30.696577072,29.821142,-92.87242
2020-08-27T06:11:30.700391769,29.853083,-92.8782
2020-08-27T06:11:30.702299118,29.815254,-92.86588
2020-08-27T06:11:30.704206466,29.841726,-92.86606
2020-08-27T06:11:30.706495285,29.812164,-92.87039
2020-08-27T06:11:30.708402633,29.806253,-92.869095
2020-08-27T06:11:30.710309982,29.812202,-92.87043
2020-08-27T06:11:30.712217330,29.803963,-92.868645
2020-08-27T06:11:30.714124679,29.811232,-92.87027
2020-08-27T06:11:30.716413497,29.804602,-92.86885
2020-08-27T06:11:30.718320846,29.772278,-92.86176
2020-08-27T06:11:30.720228195,29.772282,-92.86173
2020-08-27T06:11:30.724424362,29.82247,-92.84784
2020-08-27T06:11:30.726331710,29.813715,-92.847305
2020-08-27T06:11:30.728239059,29.812717,-92.85138
2020-08-27T06:11:30.730146408,29.810421,-92.852036
2020-08-27T06:11:30.732053756,29.812845,-92.8438
2020-08-27T06:11:30.734342575,29.81179,-92.84431
2020-08-27T06:11:30.736249923,29.813847,-92.86022
2020-08-27T06:11:30.738157272,29.806555,-92.851364
2020-08-27T06:11:30.740064620,29.808943,-92.84774
2020-08-27T06:11:30.741971969,29.800102,-92.853424
2020-08-27T06:11:30.744260787,29.796335,-92.8501
2020-08-27T06:11:30.746168136,29.796623,-92.85357
2020-08-27T06:11:30.748075485,29.798807,-92.867455
2020-08-27T06:11:30.749983787,29.801144,-92.86795
2020-08-27T06:11:30.752272605,29.79615,-92.86684
2020-08-27T06:11:30.754179954,29.772362,-92.861595
2020-08-27T06:11:30.756087303,29.772367,-92.86158
2020-08-27T06:11:30.767912864,29.932402,-92.89678
2020-08-27T06:11:30.769820213,29.93243,-92.89682
2020-08-27T06:11:30.772109031,29.932459,-92.89685
2020-08-27T06:11:30.775923728,29.932516,-92.89692
2020-08-27T06:11:30.779738426,29.932522,-92.89693
2020-08-27T06:11:30.782027244,29.942886,-92.886314
2020-08-27T06:11:31.020448684,29.842974,-92.885544
2020-08-27T06:11:31.102085113,29.900965,-92.88995
2020-08-27T06:11:59.478523732,26.884018,-92.451706
2020-08-27T06:11:59.480431080,26.884016,-92.45168
2020-08-27T06:11:59.482338429,26.884014,-92.45166
2020-08-27T06:11:59.486153126,26.884008,-92.451614
2020-08-27T06:11:59.613565922,26.902208,-92.39069
2020-08-27T06:11:59.615473271,26.909296,-92.4095
2020-08-27T06:11:59.617380620,26.883001,-92.41329
2020-08-27T06:12:09.742124557,30.01969,-93.61735
2020-08-27T06:12:09.437706947,30.038202,-93.66041
2020-08-27T06:12:09.559016227,30.03816,-93.66031
2020-08-27T06:12:09.694439888,30.038136,-93.66032
2020-08-27T06:12:09.704359054,30.038143,-93.660324
2020-08-27T06:12:09.710081100,30.03816,-93.66031
2020-08-27T06:12:09.726102828,30.038183,-93.660286
2020-08-27T06:12:09.740217208,30.038187,-93.66028
2020-08-27T06:12:09.750135421,30.037666,-93.6438
2020-08-27T06:12:09.752042770,30.038197,-93.6603
2020-08-27T06:12:09.819563865,30.038132,-93.66018
2020-08-27T06:12:45.791944503,29.852655,-92.88022
2020-08-27T06:12:45.798048019,29.852665,-92.88019
2020-08-27T06:12:45.799956321,29.852646,-92.880196
2020-08-27T06:12:45.801863670,29.852625,-92.88021
2020-08-27T06:12:45.805678367,29.852583,-92.88024
2020-08-27T06:12:45.807967185,29.876936,-92.88563
2020-08-27T06:12:45.809874534,29.877298,-92.88568
2020-08-27T06:12:45.811781883,29.881458,-92.886566
2020-08-27T06:12:45.813689231,29.87496,-92.86869
2020-08-27T06:12:45.815978050,29.886213,-92.86308
2020-08-27T06:12:45.817885398,29.852697,-92.88015
2020-08-27T06:12:45.819792747,29.889399,-92.86606
2020-08-27T06:12:45.827803611,29.89776,-92.86001
2020-08-27T06:12:45.829710960,29.895258,-92.86262
2020-08-27T06:12:45.831618309,29.85265,-92.88017
2020-08-27T06:12:45.833525657,29.894484,-92.88938
2020-08-27T06:12:45.837721824,29.898586,-92.89026
2020-08-27T06:12:45.839629173,29.904835,-92.86641
2020-08-27T06:12:45.849547386,29.852688,-92.88025
2020-08-27T06:12:45.851454734,29.93285,-92.89792
2020-08-27T06:12:45.855650901,29.913944,-92.89376
2020-08-27T06:12:45.859465599,29.932882,-92.89796
2020-08-27T06:12:45.879302978,29.932953,-92.897995
2020-08-27T06:12:45.885406494,29.85279,-92.88028
2020-08-27T06:12:45.893417358,29.892992,-92.88912
2020-08-27T06:12:45.895324707,29.9155,-92.87876
2020-08-27T06:12:45.897232055,29.900463,-92.86878
2020-08-27T06:12:45.899139404,29.905315,-92.89184
2020-08-27T06:12:45.901428222,29.914427,-92.880295
2020-08-27T06:12:45.903335571,29.897085,-92.89005
2020-08-27T06:12:45.905242919,29.932848,-92.89796
2020-08-27T06:12:45.907150268,29.931385,-92.888084
2020-08-27T06:12:45.909057617,29.924637,-92.88211
2020-08-27T06:12:45.911346435,29.92956,-92.88684
2020-08-27T06:12:45.913253784,29.93293,-92.89793
2020-08-27T06:12:45.915161132,29.932962,-92.89791
2020-08-27T06:12:45.917068481,29.932995,-92.897896
2020-08-27T06:12:45.918975830,29.932995,-92.8979
2020-08-27T06:12:45.933091163,29.89823,-92.83874
2020-08-27T06:12:45.967041969,29.85269,-92.880356
2020-08-27T06:12:45.968949317,29.883978,-92.887245
2020-08-27T06:12:45.970856666,29.852684,-92.880325
2020-08-27T06:12:45.976960182,29.852694,-92.88027
2020-08-27T06:12:46.012437820,29.901972,-92.83249
2020-08-27T06:12:46.014726638,29.931446,-92.85289
2020-08-27T06:12:46.020448684,29.883436,-92.844215
2020-08-27T06:12:46.022737503,29.851803,-92.850464
2020-08-27T06:12:46.026552200,29.85276,-92.88023
2020-08-27T06:12:46.028459548,29.864342,-92.841354
2020-08-27T06:12:46.030366897,29.851765,-92.84941
2020-08-27T06:12:46.032655715,29.851679,-92.84715
2020-08-27T06:12:46.034563064,29.864264,-92.85098
2020-08-27T06:12:46.036470413,29.869236,-92.85261
2020-08-27T06:12:46.038377761,29.863997,-92.855804
2020-08-27T06:12:46.044481277,29.851486,-92.84176
2020-08-27T06:12:46.058215141,29.8513,-92.83394
2020-08-27T06:12:46.199360847,29.852682,-92.88021
2020-08-27T06:12:46.201649665,29.905348,-92.86146
2020-08-27T06:12:46.205464363,29.852665,-92.8802
2020-08-27T06:12:46.209279060,29.852652,-92.8802
2020-08-27T06:12:46.211567878,29.852644,-92.8802
2020-08-27T06:12:46.263067245,29.851227,-92.835556
2020-08-27T06:12:46.264974594,29.871405,-92.853096
2020-08-27T06:12:46.267263412,29.85268,-92.88026
2020-08-27T06:12:46.269170761,29.85173,-92.85021
2020-08-27T06:12:46.271078109,29.85148,-92.84233
2020-08-27T06:12:46.284811019,29.85134,-92.8378
2020-08-27T06:12:46.287099838,29.851292,-92.836296
2020-08-27T06:12:46.289007186,29.851469,-92.84216
2020-08-27T06:12:46.290914535,29.851435,-92.84159
2020-08-27T06:12:46.292821884,29.825245,-92.843864
2020-08-27T06:12:46.294730186,29.85263,-92.88016
2020-08-27T06:12:46.334784507,29.896484,-92.872215
2020-08-27T06:12:46.336691856,29.913952,-92.87798
2020-08-27T06:12:46.195546150,30.149237,-92.91865
2020-08-27T06:12:46.197453498,30.151163,-92.927124
2020-08-27T06:12:46.207371711,30.173937,-92.95147
2020-08-27T06:12:46.338599205,29.93209,-92.87542
2020-08-27T06:12:46.372550964,29.981586,-92.92659
2020-08-27T06:12:46.384376525,29.895327,-92.893036
2020-08-27T06:12:46.386283874,29.85268,-92.88016
2020-08-27T06:12:46.388191223,29.87329,-92.89026
2020-08-27T06:12:46.390480041,29.879986,-92.88877
2020-08-27T06:12:46.392387390,29.870138,-92.89513
2020-08-27T06:12:46.394294738,29.876844,-92.88183
2020-08-27T06:12:46.396202087,29.874216,-92.89099
2020-08-27T06:12:46.398109436,29.852613,-92.88019
2020-08-27T06:12:46.400398254,29.85261,-92.88019
2020-08-27T06:12:46.406120300,29.85994,-92.89451
2020-08-27T06:12:46.408409118,29.860245,-92.88218
2020-08-27T06:12:46.412223815,29.852613,-92.88018
2020-08-27T06:12:46.414131164,29.850664,-92.87046
2020-08-27T06:12:46.422142982,29.852648,-92.880165
2020-08-27T06:12:46.424050331,29.852652,-92.88016
2020-08-27T06:12:46.513696670,29.89774,-92.89007
2020-08-27T06:12:46.620891571,29.901917,-92.891045
2020-08-27T06:12:50.317390441,28.472017,-91.419365
2020-08-27T06:12:50.342948913,28.472004,-91.41936
2020-08-27T06:13:10.015261650,26.883629,-92.41966
2020-08-27T06:13:10.017168998,26.88452,-92.45129
2020-08-27T06:13:10.126651763,26.856619,-92.333984
2020-08-27T06:13:10.128559112,26.8466,-92.349846
2020-08-27T06:13:10.194173812,26.85892,-92.389984
2020-08-27T06:13:10.196081161,26.852083,-92.38273
2020-08-27T06:13:10.197988510,26.882814,-92.39494
2020-08-27T06:13:10.202184677,26.881927,-92.36218
2020-08-27T06:13:10.283820152,26.864927,-92.39523
2020-08-27T06:13:10.285727500,26.884445,-92.45123
2020-08-27T06:13:12.113758087,30.03695,-93.65926
2020-08-27T06:13:12.207220077,30.036947,-93.65935
2020-08-27T06:13:46.458001136,29.851559,-92.87985
2020-08-27T06:13:46.466012001,29.850828,-92.856674
2020-08-27T06:13:46.469826698,29.850533,-92.84729
2020-08-27T06:13:46.472115516,29.850605,-92.8495
2020-08-27T06:13:46.475930213,29.884466,-92.85072
2020-08-27T06:13:46.477837562,29.850368,-92.84191
2020-08-27T06:13:46.479745864,29.88876,-92.85262
2020-08-27T06:13:46.483942031,29.891233,-92.84143
2020-08-27T06:13:46.487756729,29.892529,-92.846466
2020-08-27T06:13:46.491952896,29.898552,-92.84795
2020-08-27T06:13:46.493860244,29.896103,-92.848885
2020-08-27T06:13:46.495767593,29.905544,-92.84809
2020-08-27T06:13:46.503778457,29.89837,-92.8499
2020-08-27T06:13:46.505685806,29.91484,-92.854706
2020-08-27T06:13:46.509881973,29.930374,-92.857895
2020-08-27T06:13:46.527429580,29.930893,-92.87101
2020-08-27T06:13:46.529718399,29.920404,-92.86298
2020-08-27T06:13:46.531625747,29.930817,-92.86833
2020-08-27T06:13:46.535440444,29.931751,-92.89746
2020-08-27T06:13:46.537347793,29.931755,-92.89745
2020-08-27T06:13:46.539636611,29.94157,-92.88182
2020-08-27T06:13:46.541544914,29.93172,-92.897484
2020-08-27T06:13:46.543452262,29.931004,-92.87563
2020-08-27T06:13:46.545359611,29.931684,-92.89752
2020-08-27T06:13:46.547648429,29.947947,-92.901146
2020-08-27T06:13:46.549555778,29.940891,-92.87108
2020-08-27T06:13:46.551463127,29.93168,-92.89752
2020-08-27T06:13:46.553370475,29.955492,-92.87707
2020-08-27T06:13:46.555277824,29.958298,-92.90339
2020-08-27T06:13:46.559473991,29.964905,-92.90484
2020-08-27T06:13:46.569392204,29.960424,-92.90388
2020-08-27T06:13:46.571299552,29.964697,-92.88142
2020-08-27T06:13:46.573206901,29.955002,-92.87869
2020-08-27T06:13:46.575114250,29.959192,-92.88004
2020-08-27T06:13:46.577403068,29.964201,-92.893875
2020-08-27T06:13:46.579310417,29.969461,-92.90586
2020-08-27T06:13:46.609066009,29.851585,-92.87987
2020-08-27T06:13:46.626995086,29.851667,-92.8799
2020-08-27T06:13:46.708630561,29.965792,-92.90502
2020-08-27T06:13:46.738386154,29.95911,-92.87646
2020-08-27T06:13:46.740293502,29.953526,-92.87489
2020-08-27T06:13:46.742200851,29.942062,-92.86893
2020-08-27T06:13:46.744108200,29.94938,-92.87229
2020-08-27T06:13:46.746397018,29.930483,-92.85991
2020-08-27T06:13:46.748304367,29.930674,-92.86587
2020-08-27T06:13:46.750211715,29.894596,-92.84182
2020-08-27T06:13:46.752119064,29.89187,-92.81316
2020-08-27T06:13:46.754407882,29.895584,-92.82482
2020-08-27T06:13:46.756315231,29.889273,-92.81772
2020-08-27T06:13:46.859695434,29.851604,-92.879845
2020-08-27T06:13:46.861602783,29.869066,-92.89317
2020-08-27T06:13:46.865417480,29.851595,-92.87982
2020-08-27T06:13:46.869613647,29.851587,-92.879814
2020-08-27T06:13:46.871520996,29.850971,-92.860634
2020-08-27T06:13:46.873428344,29.872957,-92.88541
2020-08-27T06:13:46.875335693,29.851572,-92.87982
2020-08-27T06:13:46.877624511,29.851566,-92.87983
2020-08-27T06:13:46.881439208,29.869635,-92.869286
2020-08-27T06:13:46.883346557,29.865154,-92.88977
2020-08-27T06:13:46.915390968,29.850702,-92.85031
2020-08-27T06:13:46.917298316,29.85067,-92.84885
2020-08-27T06:13:46.919205665,29.8411,-92.85319
2020-08-27T06:13:46.921113014,29.85078,-92.85284
2020-08-27T06:13:46.923401832,29.85163,-92.87986
2020-08-27T06:13:46.929123878,29.850307,-92.83893
2020-08-27T06:13:46.931031227,29.850664,-92.84974
2020-08-27T06:13:46.935227394,29.833109,-92.832954
2020-08-27T06:13:46.937134742,29.8504,-92.84038
2020-08-27T06:13:46.939042091,29.926554,-92.88473
2020-08-27T06:13:46.943238258,29.851631,-92.87987
2020-08-27T06:13:46.950867652,29.928793,-92.80499
2020-08-27T06:13:46.953156471,29.824917,-92.8269
2020-08-27T06:13:46.961167335,29.850592,-92.84836
2020-08-27T06:13:46.972992897,29.825275,-92.827065
2020-08-27T06:13:46.974901199,29.90633,-92.8675
2020-08-27T06:13:47.006563186,29.971363,-92.90624
2020-08-27T06:13:47.008852005,29.850334,-92.83783
2020-08-27T06:13:49.456018447,29.932749,-92.897446
2020-08-27T06:13:49.457925796,29.93275,-92.89746
2020-08-27T06:13:49.462121963,29.949978,-92.901245
2020-08-27T06:13:49.467844009,29.958694,-92.90313
2020-08-27T06:13:49.469751358,29.932674,-92.89739
2020-08-27T06:13:49.472040176,29.932678,-92.89741
2020-08-27T06:13:49.473947525,29.932684,-92.89743
2020-08-27T06:13:49.515528678,30.012966,-92.91523
2020-08-27T06:13:49.517817497,29.968225,-92.90534
2020-08-27T06:13:49.533457756,29.98235,-92.90841
2020-08-27T06:13:49.537653923,30.012981,-92.91514
2020-08-27T06:13:49.541468620,30.013008,-92.91513
2020-08-27T06:13:49.545283317,30.01304,-92.91513
2020-08-27T06:13:49.549479484,30.013027,-92.915115
2020-08-27T06:13:49.565501213,30.01299,-92.915085
2020-08-27T06:13:49.628826141,29.932745,-92.89733
2020-08-27T06:13:49.817656517,29.98648,-92.90893
2020-08-27T06:13:49.819945335,29.99425,-92.90487
2020-08-27T06:13:49.821853637,30.013035,-92.915085
2020-08-27T06:13:49.829864501,29.988628,-92.89197
2020-08-27T06:13:49.831771850,29.97005,-92.9055
2020-08-27T06:13:49.833679199,30.013067,-92.91504
2020-08-27T06:13:49.835586547,30.013077,-92.915054
2020-08-27T06:13:49.837875366,29.984205,-92.908676
2020-08-27T06:13:49.839782714,29.982971,-92.90844
2020-08-27T06:13:49.841690063,29.97966,-92.90774
2020-08-27T06:13:49.843597412,30.013124,-92.915184
2020-08-27T06:13:49.847793579,29.97555,-92.90694
2020-08-27T06:13:49.849700927,29.978323,-92.907555
2020-08-27T06:13:49.879455566,29.932802,-92.89754
2020-08-27T06:13:49.913407325,29.996878,-92.91281
2020-08-27T06:13:49.915314674,29.99322,-92.914314
2020-08-27T06:13:49.929047584,30.01319,-92.91525
2020-08-27T06:13:49.931336402,30.01318,-92.91527
2020-08-27T06:13:49.933243751,29.987272,-92.90955
2020-08-27T06:13:49.935151100,29.98152,-92.9083
2020-08-27T06:13:49.937058448,30.013153,-92.91532
2020-08-27T06:13:49.938965797,29.979555,-92.90788
2020-08-27T06:13:49.941254615,30.013155,-92.91531
2020-08-27T06:13:50.336845397,29.97027,-92.90569
2020-08-27T06:13:50.338752746,29.978867,-92.90761
2020-08-27T06:15:25.850310325,28.318155,-91.53327
2020-08-27T06:15:25.854125022,28.318,-91.527626
2020-08-27T06:15:25.864044189,28.318098,-91.52984
2020-08-27T06:15:25.888076782,28.318195,-91.53309
2020-08-27T06:15:25.917831420,28.318478,-91.54174
2020-08-27T06:15:41.649119853,29.931376,-92.897316
2020-08-27T06:15:41.651027202,29.931376,-92.89731
2020-08-27T06:15:41.654841899,29.931377,-92.8973
2020-08-27T06:15:41.659038066,29.931376,-92.8973
2020-08-27T06:15:41.672771453,29.931366,-92.897385
2020-08-27T06:15:41.678874969,29.931849,-92.9119
2020-08-27T06:15:41.680782318,29.941835,-92.91237
2020-08-27T06:15:41.684978485,29.944729,-92.90031
2020-08-27T06:15:41.686885833,29.945713,-92.900505
2020-08-27T06:15:41.688793182,29.94596,-92.90977
2020-08-27T06:15:41.692607879,29.931414,-92.89731
2020-08-27T06:15:41.696804046,29.931376,-92.89728
2020-08-27T06:15:41.698711395,29.948992,-92.89819
2020-08-27T06:15:41.700619220,29.95131,-92.901726
2020-08-27T06:15:41.702526569,29.953482,-92.89062
2020-08-27T06:15:41.704815387,29.95356,-92.89048
2020-08-27T06:15:41.706722736,29.956152,-92.88229
2020-08-27T06:15:41.708630084,29.965277,-92.86584
2020-08-27T06:15:41.710537433,29.959019,-92.867325
2020-08-27T06:15:41.712444782,29.961948,-92.873924
2020-08-27T06:15:41.714733600,29.945395,-92.85323
2020-08-27T06:15:41.716640949,29.963078,-92.86258
2020-08-27T06:15:41.718548297,29.961498,-92.87289
2020-08-27T06:15:41.720455646,29.963678,-92.87114
2020-08-27T06:15:41.722744464,29.96546,-92.87668
2020-08-27T06:15:41.724651813,29.95697,-92.86871
2020-08-27T06:15:41.726559162,29.931374,-92.89736
2020-08-27T06:15:41.728466510,29.958529,-92.877686
2020-08-27T06:15:41.730374336,29.951092,-92.87802
2020-08-27T06:15:41.732663154,29.957626,-92.87662
2020-08-27T06:15:41.734570503,29.931358,-92.89731
2020-08-27T06:15:41.736477851,29.977095,-92.88515
2020-08-27T06:15:41.738385200,29.931356,-92.897285
2020-08-27T06:15:41.740292549,29.973446,-92.87868
2020-08-27T06:15:41.742581367,29.931381,-92.89738
2020-08-27T06:15:41.744488716,29.972395,-92.87954
2020-08-27T06:15:41.746396064,29.931406,-92.89746
2020-08-27T06:15:41.748303413,29.94954,-92.88558
2020-08-27T06:15:41.750592231,29.970915,-92.89344
2020-08-27T06:15:41.752499580,29.93142,-92.8974
2020-08-27T06:15:41.754406929,29.930506,-92.86866
2020-08-27T06:15:41.758221626,29.931421,-92.89729
2020-08-27T06:15:41.760510444,29.948587,-92.8602
2020-08-27T06:15:41.762418270,29.931389,-92.89727
2020-08-27T06:15:41.784162044,29.94842,-92.871704
2020-08-27T06:15:41.786069393,29.949327,-92.87649
2020-08-27T06:15:41.788358211,29.949337,-92.876495
2020-08-27T06:15:41.790265560,29.949354,-92.873825
2020-08-27T06:15:41.792173385,29.948158,-92.87275
2020-08-27T06:15:41.794080734,29.930681,-92.87686
2020-08-27T06:15:41.795988082,29.93059,-92.87388
2020-08-27T06:15:41.798276901,29.98777,-92.893715
2020-08-27T06:15:41.800184249,30.001627,-92.8861
2020-08-27T06:15:41.802091598,29.981007,-92.88803
2020-08-27T06:15:41.803998947,30.000093,-92.893265
2020-08-27T06:15:41.805906295,29.98127,-92.88797
2020-08-27T06:15:41.808195114,30.001163,-92.894035
2020-08-27T06:15:41.810102462,29.989285,-92.89793
2020-08-27T06:15:41.812009811,30.001026,-92.89897
2020-08-27T06:15:41.813917160,29.982721,-92.89332
2020-08-27T06:15:41.815824508,30.011686,-92.91503
2020-08-27T06:15:41.818113327,30.011679,-92.91505
2020-08-27T06:15:41.820020675,30.004078,-92.901566
2020-08-27T06:15:41.821928024,29.99759,-92.89974
2020-08-27T06:15:41.823835849,29.98325,-92.890884
2020-08-27T06:15:41.826124668,30.011688,-92.91505
2020-08-27T06:15:41.947052478,30.011515,-92.91508
2020-08-27T06:15:42.042802810,29.946625,-92.84526
2020-08-27T06:15:42.044710159,29.94201,-92.87293
2020-08-27T06:15:42.046617507,29.937214,-92.86184
2020-08-27T06:15:42.048524856,29.9344,-92.84902
2020-08-27T06:15:42.050432205,29.938492,-92.86243
2020-08-27T06:15:42.052721023,29.938522,-92.848694
2020-08-27T06:15:42.054628372,29.922691,-92.864525
2020-08-27T06:15:42.056535720,29.919159,-92.85414
2020-08-27T06:15:42.058443069,29.926794,-92.87238
2020-08-27T06:15:42.060731887,29.905706,-92.885765
2020-08-27T06:15:42.062639236,29.929966,-92.85625
2020-08-27T06:15:42.064546585,29.899933,-92.853386
2020-08-27T06:15:42.066453933,29.91313,-92.893326
2020-08-27T06:15:42.068361282,29.901646,-92.887505
2020-08-27T06:15:42.070650577,29.901674,-92.89081
2020-08-27T06:15:42.072557926,29.899055,-92.89845
2020-08-27T06:15:42.078279972,29.894249,-92.84754
2020-08-27T06:15:42.080568790,29.901989,-92.83268
2020-08-27T06:15:42.084383487,29.929953,-92.85581
2020-08-27T06:15:42.086290836,29.915339,-92.82035
2020-08-27T06:15:42.098497867,29.890165,-92.89973
2020-08-27T06:15:42.100405216,29.888796,-92.89973
2020-08-27T06:15:42.102313041,29.931236,-92.89737
2020-08-27T06:15:42.112231254,29.851633,-92.89755
2020-08-27T06:15:42.201878070,29.897108,-92.88969
2020-08-27T06:15:42.203785419,29.931166,-92.8972
2020-08-27T06:15:42.285039424,29.866652,-92.84352
2020-08-27T06:17:24.762342453,30.011614,-92.91531
2020-08-27T06:17:24.764631271,30.011606,-92.91531
2020-08-27T06:17:24.766538619,30.011597,-92.91532
2020-08-27T06:17:24.768445968,30.001783,-92.89851
2020-08-27T06:17:24.770353317,30.011581,-92.91531
2020-08-27T06:17:24.772260665,30.002712,-92.89698
2020-08-27T06:17:24.774549484,30.020107,-92.900116
2020-08-27T06:17:24.778364181,30.020582,-92.90002
2020-08-27T06:17:24.780271530,30.01154,-92.91531
2020-08-27T06:17:24.782178878,30.023754,-92.90125
2020-08-27T06:17:24.784467697,30.022951,-92.90102
2020-08-27T06:17:24.786375045,30.011503,-92.915344
2020-08-27T06:17:24.788282394,30.028389,-92.89919
2020-08-27T06:17:24.790189743,30.031845,-92.897095
2020-08-27T06:17:24.794385910,30.035564,-92.89548
2020-08-27T06:17:24.796293258,30.028955,-92.897804
2020-08-27T06:17:24.798200607,30.025515,-92.89532
2020-08-27T06:17:24.800107955,30.03387,-92.8936
2020-08-27T06:17:24.802396774,30.025547,-92.887886
2020-08-27T06:17:24.804304122,30.038841,-92.89606
2020-08-27T06:17:24.806211471,30.040092,-92.898506
2020-08-27T06:17:24.808118820,30.00309,-92.88558
2020-08-27T06:17:24.810027122,29.995817,-92.87788
2020-08-27T06:17:24.812315940,30.01055,-92.88076
2020-08-27T06:17:24.814223289,30.030138,-92.897194
2020-08-27T06:17:24.816130638,30.002312,-92.87508
2020-08-27T06:17:24.818037986,30.010315,-92.871826
2020-08-27T06:17:24.819945335,30.027033,-92.89089
2020-08-27T06:17:24.822234153,30.035433,-92.89903
2020-08-27T06:17:24.824141502,30.035633,-92.90322
2020-08-27T06:17:24.826048851,30.033104,-92.89292
2020-08-27T06:17:24.827956199,30.042013,-92.90793
2020-08-27T06:17:24.830245018,30.042036,-92.90799
2020-08-27T06:17:24.832152366,30.051384,-92.92418
2020-08-27T06:17:24.875640869,30.01159,-92.91522
2020-08-27T06:17:24.887847900,30.011702,-92.91538
2020-08-27T06:17:24.889755249,30.011705,-92.915375
2020-08-27T06:17:24.891662597,30.011707,-92.91536
2020-08-27T06:17:24.893569946,30.01171,-92.915344
2020-08-27T06:17:24.895477294,30.016386,-92.87719
2020-08-27T06:17:24.897766113,30.051395,-92.91026
2020-08-27T06:17:24.899673461,30.0117,-92.91531
2020-08-27T06:17:24.901580810,30.06268,-92.92664
2020-08-27T06:17:24.903488159,30.092037,-92.93317
2020-08-27T06:17:24.989319801,29.928385,-92.805046
2020-08-27T06:17:24.996950149,29.928444,-92.80504
2020-08-27T06:17:25.189976692,29.972366,-92.9066
2020-08-27T06:17:25.225834846,29.972855,-92.88049
2020-08-27T06:17:25.227742195,30.017086,-92.90031
2020-08-27T06:17:25.229649543,30.034613,-92.90887
2020-08-27T06:17:25.231556892,30.04241,-92.922134
2020-08-27T06:17:25.233845710,29.90475,-92.793396
2020-08-27T06:17:25.239567756,30.04452,-92.90391
2020-08-27T06:17:25.255590438,30.01176,-92.91537
2020-08-27T06:17:25.265508651,30.092186,-92.9332
2020-08-27T06:17:25.267416000,30.011818,-92.91532
2020-08-27T06:17:25.269323348,30.04971,-92.92374
2020-08-27T06:17:25.289159774,30.047264,-92.91513
2020-08-27T06:17:25.291448593,30.011839,-92.915436
2020-08-27T06:17:25.301366806,29.848452,-92.78748
2020-08-27T06:17:25.382621765,29.986225,-92.909775
2020-08-27T06:17:25.384910583,30.045921,-92.91337
2020-08-27T06:17:25.412757873,29.847153,-92.74883
2020-08-27T06:18:29.138248443,29.817368,-92.87339
2020-08-27T06:18:29.150456428,29.770943,-92.86331
2020-08-27T06:18:29.166096687,29.816498,-92.87322
2020-08-27T06:18:29.168004035,29.771034,-92.86323
2020-08-27T06:18:29.180211067,29.81172,-92.87224
2020-08-27T06:18:29.182118415,29.806313,-92.87103
2020-08-27T06:18:29.184025764,29.811813,-92.87222
2020-08-27T06:18:29.190129280,29.795124,-92.86852
2020-08-27T06:18:29.192036628,29.771,-92.86323
2020-08-27T06:18:29.217977523,29.79178,-92.867775
2020-08-27T06:18:29.257650375,29.851002,-92.88087
2020-08-27T06:18:29.265662193,29.851099,-92.88095
2020-08-27T06:18:29.289313316,29.863535,-92.87237
2020-08-27T06:18:29.291602134,29.85094,-92.88099
2020-08-27T06:18:29.297324180,29.878754,-92.8871
2020-08-27T06:18:29.299231529,29.850878,-92.88094
2020-08-27T06:18:29.323264122,29.890738,-92.89927
2020-08-27T06:18:29.325171470,29.886696,-92.88887
2020-08-27T06:18:29.333183288,29.931158,-92.898674
2020-08-27T06:18:29.335090637,29.900267,-92.89186
2020-08-27T06:18:29.336997985,29.90207,-92.89226
2020-08-27T06:18:29.339286804,29.931206,-92.898674
2020-08-27T06:18:29.341194152,29.900742,-92.891945
2020-08-27T06:18:29.345008850,29.902792,-92.90314
2020-08-27T06:18:29.349205017,29.931152,-92.89862
2020-08-27T06:18:29.351112365,29.931126,-92.89863
2020-08-27T06:18:29.353019714,29.9114,-92.90803
2020-08-27T06:18:29.354927062,29.900303,-92.891846
2020-08-27T06:18:29.356834411,29.931042,-92.89863
2020-08-27T06:18:29.359123229,29.9159,-92.90501
2020-08-27T06:18:29.362937927,29.931017,-92.89865
2020-08-27T06:18:29.364845275,29.931011,-92.89865
2020-08-27T06:18:29.366752624,29.934656,-92.90883
2020-08-27T06:18:29.372856140,29.948668,-92.90251
2020-08-27T06:18:29.377052307,29.95599,-92.90408
2020-08-27T06:18:29.430459022,30.011293,-92.91639
2020-08-27T06:18:29.438469886,30.011328,-92.91639
2020-08-27T06:18:29.444573402,30.011335,-92.916405
2020-08-27T06:18:29.446480751,30.011337,-92.91641
2020-08-27T06:18:29.454492568,30.011343,-92.916374
2020-08-27T06:18:29.456399917,30.029448,-92.92039
2020-08-27T06:18:29.462503433,30.011316,-92.91638
2020-08-27T06:18:29.466318130,30.037397,-92.92221
2020-08-27T06:18:29.468225479,29.809427,-92.87188
2020-08-27T06:18:29.474328994,30.045694,-92.92407
2020-08-27T06:18:29.478143692,30.046469,-92.92424
2020-08-27T06:18:29.480432510,30.011362,-92.91644
2020-08-27T06:18:29.486154556,30.054346,-92.92602
2020-08-27T06:18:29.488061904,30.011305,-92.91646
2020-08-27T06:18:29.512095451,30.091665,-92.93426
2020-08-27T06:18:29.671170234,29.850859,-92.88081
2020-08-27T06:18:29.673077583,29.850842,-92.880806
2020-08-27T06:18:29.674984931,29.770771,-92.86321
2020-08-27T06:18:29.677273750,29.82209,-92.85894
2020-08-27T06:18:29.700925827,29.770765,-92.863174
2020-08-27T06:18:29.702833175,29.817465,-92.87343
2020-08-27T06:18:29.730680465,29.817686,-92.87347
2020-08-27T06:18:29.786375999,29.876343,-92.880585
2020-08-27T06:18:29.788283348,29.910671,-92.89265
2020-08-27T06:18:29.790572166,29.916143,-92.894226
2020-08-27T06:18:29.863815307,29.893353,-92.88792
2020-08-27T06:18:29.866104125,29.901995,-92.88354
2020-08-27T06:18:29.868011474,29.850737,-92.880714
2020-08-27T06:18:30.138478279,29.850632,-92.88058
2020-08-27T06:18:30.140385627,29.850657,-92.88058
2020-08-27T06:18:30.144200325,29.850704,-92.88058
2020-08-27T06:18:30.150303840,29.85072,-92.880585
2020-08-27T06:18:30.152211189,29.837643,-92.861626
2020-08-27T06:18:30.158314704,29.85064,-92.88059
2020-08-27T06:18:30.160222053,29.850647,-92.8806
2020-08-27T06:18:30.162129402,29.857977,-92.87041
2020-08-27T06:18:30.164036750,29.849949,-92.858086
2020-08-27T06:18:30.170140266,29.850689,-92.88067
2020-08-27T06:18:30.172047615,29.850697,-92.88071
2020-08-27T06:18:30.178151130,29.849941,-92.85655
2020-08-27T06:18:30.180058479,29.871302,-92.85776
2020-08-27T06:18:30.181965827,29.903698,-92.859344
2020-08-27T06:18:30.189976692,29.89343,-92.83925
2020-08-27T06:18:30.191884040,29.899603,-92.83323
2020-08-27T06:18:30.196081161,29.916626,-92.85028
2020-08-27T06:18:30.197988510,29.914354,-92.85173
2020-08-27T06:18:30.199895858,29.902912,-92.85874
2020-08-27T06:18:30.201803207,29.878191,-92.855316
2020-08-27T06:18:30.204092025,29.894648,-92.850044
2020-08-27T06:18:30.205999374,29.906742,-92.85061
2020-08-27T06:18:30.207906723,29.903883,-92.85342
2020-08-27T06:18:30.209814071,29.919989,-92.84366
2020-08-27T06:18:30.211721420,29.910908,-92.844284
2020-08-27T06:18:30.214010238,29.90482,-92.849075
2020-08-27T06:18:30.215917587,29.907982,-92.84144
2020-08-27T06:18:30.217824935,29.905237,-92.84669
2020-08-27T06:18:30.219732284,29.915367,-92.83858
2020-08-27T06:18:30.221639633,29.908817,-92.84549
2020-08-27T06:18:30.223928451,29.900465,-92.83243
2020-08-27T06:18:30.225835800,29.904806,-92.828285
2020-08-27T06:18:30.227743148,29.90662,-92.844376
2020-08-27T06:18:30.231939315,29.91469,-92.81872
2020-08-27T06:18:30.233846664,29.90323,-92.82982
2020-08-27T06:18:30.235754013,29.9057,-92.82741
2020-08-27T06:18:30.237661361,29.900373,-92.83256
2020-08-27T06:18:30.253683090,29.930853,-92.898384
2020-08-27T06:18:30.253683090,29.927896,-92.80582
2020-08-27T06:18:30.265509605,29.984364,-92.88249
2020-08-27T06:18:57.220191955,28.806139,-91.26585
2020-08-27T06:19:27.858016967,30.14863,-92.94462
2020-08-27T06:19:27.859924316,30.158026,-92.9448
2020-08-27T06:19:27.861831665,30.159786,-92.94773
2020-08-27T06:19:27.864120483,30.15581,-92.94769
2020-08-27T06:19:27.866027832,30.171635,-92.95235
2020-08-27T06:19:27.867935180,30.14959,-92.95394
2020-08-27T06:19:27.869842529,30.152222,-92.934746
2020-08-27T06:19:27.872131347,30.137537,-92.958786
2020-08-27T06:19:27.874038696,30.134817,-92.95916
2020-08-27T06:19:27.875946044,30.126469,-92.94352
2020-08-27T06:19:27.877853393,30.171581,-92.952324
2020-08-27T06:19:27.879760742,30.140953,-92.94549
2020-08-27T06:19:27.882049560,30.137634,-92.96429
2020-08-27T06:19:27.883956909,30.141605,-92.94564
2020-08-27T06:19:27.885864257,30.136982,-92.94438
2020-08-27T06:19:27.887771606,30.134695,-92.9441
2020-08-27T06:19:27.889678955,30.146664,-92.946785
2020-08-27T06:19:27.891967773,30.140491,-92.94543
2020-08-27T06:19:27.893875122,30.156473,-92.97671
2020-08-27T06:19:27.895782470,30.14827,-92.97066
2020-08-27T06:19:27.897689819,30.149118,-92.973595
2020-08-27T06:19:27.899597167,30.134726,-92.93256
2020-08-27T06:19:27.901885986,30.132938,-92.94377
2020-08-27T06:19:27.903794288,30.09116,-92.93445
2020-08-27T06:19:27.905701637,30.125816,-92.94218
2020-08-27T06:19:27.909897804,30.090395,-92.9106
2020-08-27T06:19:27.929734230,30.091253,-92.934456
2020-08-27T06:19:28.146411895,30.161877,-92.97183
2020-08-27T06:19:28.148319244,30.17274,-92.98648
2020-08-27T06:19:28.150227546,30.171642,-92.95237
2020-08-27T06:19:28.255514144,30.173155,-92.999794
2020-08-27T06:19:28.267721176,30.010763,-92.91653
2020-08-27T06:19:28.269628524,30.067205,-92.9274
2020-08-27T06:19:28.287558555,30.04948,-92.92512
2020-08-27T06:19:28.434426307,30.048166,-92.92301
2020-08-27T06:19:28.466470718,30.051834,-92.92211
2020-08-27T06:19:28.476388931,30.010715,-92.91655
2020-08-27T06:19:28.478296279,30.091097,-92.934425
2020-08-27T06:19:28.492410659,30.08819,-92.84157
2020-08-27T06:19:28.502328872,30.11568,-92.875336
2020-08-27T06:19:28.506143569,30.104145,-92.89105
2020-08-27T06:19:28.508050918,30.100365,-92.90008
2020-08-27T06:19:28.509958267,30.107883,-92.91139
2020-08-27T06:19:28.512247085,30.116325,-92.879875
2020-08-27T06:19:28.514154434,30.094372,-92.862816
2020-08-27T06:19:28.516061782,30.10659,-92.8877
2020-08-27T06:19:28.517969131,30.092543,-92.88054
2020-08-27T06:19:28.520257949,30.087847,-92.87022
2020-08-27T06:19:28.522166252,30.087858,-92.87368
2020-08-27T06:19:28.524073600,30.108614,-92.91464
2020-08-27T06:19:28.525980949,30.094738,-92.88228
2020-08-27T06:19:28.527888298,30.09886,-92.86976
2020-08-27T06:19:28.530177116,30.059551,-92.85141
2020-08-27T06:19:28.532084465,30.055521,-92.83439
2020-08-27T06:19:28.533991813,30.050058,-92.8332
2020-08-27T06:20:24.989319801,30.0108,-92.91602
2020-08-27T06:20:24.991227149,30.010786,-92.91602
2020-08-27T06:20:24.993515968,30.01077,-92.916016
2020-08-27T06:20:24.997331619,30.01074,-92.916016
2020-08-27T06:20:24.999238967,30.010754,-92.91604
2020-08-27T06:20:25.015260696,30.010784,-92.91608
2020-08-27T06:20:25.017168045,30.010765,-92.91606
2020-08-27T06:20:25.019075393,30.010775,-92.91605
2020-08-27T06:20:25.023271560,30.010817,-92.91607
2020-08-27T06:20:25.035097122,30.010836,-92.91612
2020-08-27T06:20:25.037004470,30.010828,-92.91613
2020-08-27T06:20:25.038911819,30.010818,-92.91612
2020-08-27T06:20:25.041200637,30.010807,-92.916115
2020-08-27T06:20:25.043107986,30.010798,-92.91611
2020-08-27T06:20:25.054933547,30.010744,-92.91607
2020-08-27T06:20:25.061038017,30.010756,-92.91606
2020-08-27T06:20:25.064852714,30.010786,-92.91606
2020-08-27T06:20:25.110629081,30.011454,-92.93699
2020-08-27T06:20:25.148395538,30.010763,-92.916016
2020-08-27T06:20:25.212101936,30.041428,-92.88238
2020-08-27T06:20:25.214009284,30.040462,-92.90734
2020-08-27T06:20:25.215916633,30.034819,-92.89208
2020-08-27T06:20:25.217823982,30.035343,-92.88906
2020-08-27T06:20:25.220112800,30.035475,-92.8935
2020-08-27T06:20:25.222020149,30.03218,-92.889885
2020-08-27T06:20:25.223927497,30.032103,-92.89392
2020-08-27T06:20:25.225834846,30.029123,-92.89457
2020-08-27T06:20:25.227742195,30.019121,-92.895966
2020-08-27T06:20:25.230031013,30.027441,-92.89639
2020-08-27T06:20:25.231938362,30.017467,-92.89426
2020-08-27T06:20:25.233845710,30.01073,-92.91602
2020-08-27T06:20:25.235753059,30.010746,-92.91601
2020-08-27T06:20:25.257879257,30.010754,-92.916115
2020-08-27T06:20:25.301366806,30.021126,-92.93509
2020-08-27T06:20:25.303656578,30.0107,-92.91611
2020-08-27T06:20:25.305563926,30.010714,-92.91613
2020-08-27T06:20:25.307471275,30.023022,-92.93771
2020-08-27T06:20:25.309378623,30.02225,-92.93663
2020-08-27T06:20:25.311285972,30.025745,-92.935814
2020-08-27T06:20:25.313574790,30.01074,-92.916145
2020-08-27T06:20:25.315482139,30.010744,-92.91614
2020-08-27T06:20:25.317389488,30.029984,-92.93613
2020-08-27T06:20:25.319296836,30.010757,-92.91613
2020-08-27T06:20:25.333411216,30.042984,-92.94476
2020-08-27T06:20:25.337225914,30.04793,-92.94655
2020-08-27T06:20:25.339133262,30.043665,-92.943184
2020-08-27T06:20:25.341422080,30.034164,-92.93805
2020-08-27T06:20:25.343329429,30.045294,-92.94518
2020-08-27T06:20:25.345236778,30.051708,-92.94406
2020-08-27T06:20:25.347144126,30.03055,-92.93755
2020-08-27T06:20:25.349051475,30.060913,-92.92734
2020-08-27T06:20:25.351340293,30.068386,-92.92898
2020-08-27T06:20:25.353247642,30.060387,-92.946625
2020-08-27T06:20:25.355154991,30.047392,-92.94551
2020-08-27T06:20:25.357062339,30.010685,-92.9161
2020-08-27T06:20:25.358969688,30.042856,-92.93956
2020-08-27T06:20:25.361258506,30.049576,-92.945465
2020-08-27T06:20:25.363165855,30.091017,-92.93393
2020-08-27T06:20:25.575648307,30.047117,-92.94318
2020-08-27T06:20:25.583659172,30.01071,-92.91597
2020-08-27T06:20:25.585947990,30.010712,-92.915955
2020-08-27T06:20:25.589762687,30.0107,-92.915985
2020-08-27T06:20:25.595866203,30.010666,-92.91614
2020-08-27T06:20:25.597773551,30.010654,-92.91618
2020-08-27T06:20:25.599680900,30.010662,-92.91616
2020-08-27T06:20:25.601588249,30.010672,-92.91613
2020-08-27T06:20:25.605784416,30.01069,-92.91607
2020-08-27T06:20:25.617610931,30.01075,-92.91609
2020-08-27T06:20:25.651561737,30.00891,-92.91796
2020-08-27T06:20:25.653469085,30.010689,-92.9161
2020-08-27T06:20:25.655376434,30.010687,-92.9161
2020-08-27T06:20:25.764860153,30.010632,-92.916115
2020-08-27T06:20:25.766767501,30.01063,-92.91613
2020-08-27T06:22:54.878313064,30.091324,-92.93486
2020-08-27T06:22:54.880220413,30.093431,-92.952835
2020-08-27T06:22:54.882127761,30.115053,-92.940155
2020-08-27T06:22:54.884035110,30.096142,-92.951866
2020-08-27T06:22:54.886323928,30.091255,-92.93484
2020-08-27T06:22:54.888231277,30.091244,-92.93483
2020-08-27T06:22:54.892045974,30.118921,-92.94103
2020-08-27T06:22:54.901964187,30.09126,-92.934845
2020-08-27T06:22:54.908067703,30.12987,-92.943405
2020-08-27T06:22:54.941637039,30.091333,-92.93488
2020-08-27T06:22:54.943925857,30.091343,-92.93488
2020-08-27T06:22:54.945833206,30.09135,-92.93488
2020-08-27T06:22:54.947740554,30.09136,-92.93488
2020-08-27T06:22:54.949647903,30.09137,-92.93489
2020-08-27T06:22:54.951936721,30.09138,-92.9349
2020-08-27T06:22:54.953844070,30.09072,-92.9141
2020-08-27T06:22:54.955751419,30.091398,-92.934906
2020-08-27T06:22:54.957658767,30.122646,-92.9047
2020-08-27T06:22:54.959566116,30.121147,-92.9168
2020-08-27T06:22:54.961854934,30.133783,-92.91453
2020-08-27T06:22:54.965669631,30.09136,-92.934875
2020-08-27T06:22:55.045017242,30.131271,-92.89624
2020-08-27T06:22:55.047306060,30.140745,-92.91389
2020-08-27T06:22:55.049213409,30.135242,-92.918
2020-08-27T06:22:55.051120758,30.15193,-92.90355
2020-08-27T06:22:55.053028106,30.148293,-92.9083
2020-08-27T06:22:55.055316925,30.121761,-92.9053
2020-08-27T06:22:55.059131622,30.148788,-92.90799
2020-08-27T06:22:55.061038970,30.091223,-92.93481
2020-08-27T06:22:55.062946319,30.170229,-92.90661
2020-08-27T06:22:55.067142486,30.171745,-92.95277
2020-08-27T06:22:55.070957183,30.170559,-92.91532
2020-08-27T06:22:55.077060699,30.171799,-92.95276
2020-08-27T06:22:55.078968048,30.17179,-92.95275
2020-08-27T06:22:55.082782745,30.170881,-92.92598
2020-08-27T06:22:55.093082427,30.170897,-92.92659
2020-08-27T06:22:55.094989776,30.171762,-92.95278
2020-08-27T06:22:55.098804473,30.171795,-92.95279
2020-08-27T06:22:55.103000640,30.17065,-92.91671
2020-08-27T06:22:55.174337387,30.068096,-92.91287
2020-08-27T06:22:55.176244735,30.069649,-92.911385
2020-08-27T06:22:55.331504821,30.091076,-92.93467
2020-08-27T06:22:55.381097793,30.082788,-92.94865
2020-08-27T06:22:55.383005142,30.11655,-92.92462
2020-08-27T06:22:55.385293960,30.105835,-92.9173
2020-08-27T06:22:55.387201309,30.111713,-92.91325
2020-08-27T06:22:55.389108657,30.10365,-92.91209
2020-08-27T06:22:55.391016006,30.107643,-92.90269
2020-08-27T06:22:55.393304824,30.105324,-92.891685
2020-08-27T06:22:55.395212173,30.107273,-92.895905
2020-08-27T06:22:55.397119522,30.102205,-92.899254
2020-08-27T06:22:55.399026870,30.099815,-92.87638
2020-08-27T06:22:55.400934219,30.099619,-92.909836
2020-08-27T06:22:55.403223037,30.105227,-92.9076
2020-08-27T06:22:55.405130386,30.101936,-92.907616
2020-08-27T06:22:55.407037734,30.10829,-92.896904
2020-08-27T06:22:55.408945083,30.119757,-92.90875
2020-08-27T06:22:55.410852432,30.119522,-92.90453
2020-08-27T06:22:55.413141250,30.108358,-92.89954
2020-08-27T06:22:55.415048599,30.090132,-92.90358
2020-08-27T06:22:55.416955947,30.091145,-92.93455
2020-08-27T06:22:55.421152114,30.060545,-92.822784
2020-08-27T06:22:55.423059463,30.089994,-92.899376
2020-08-27T06:22:55.424966812,30.051298,-92.81585
2020-08-27T06:22:55.426874160,30.097712,-92.866875
2020-08-27T06:22:55.428781509,30.073753,-92.86386
2020-08-27T06:22:55.431070327,30.071138,-92.86561
2020-08-27T06:22:55.432977676,30.089897,-92.89469
2020-08-27T06:22:55.434885025,30.043234,-92.84952
2020-08-27T06:22:55.436792373,30.059166,-92.89213
2020-08-27T06:22:55.438699722,30.091242,-92.93467
2020-08-27T06:22:55.442895889,30.091192,-92.93467
2020-08-27T06:22:55.448999404,30.03856,-92.82149
2020-08-27T06:22:55.458917617,30.091047,-92.93461
2020-08-27T06:22:55.460824966,30.00772,-92.824066
2020-08-27T06:25:27.620357513,27.94033,-91.943825
2020-08-27T06:25:27.624553680,27.940329,-91.94382
2020-08-27T06:25:27.626461029,27.940327,-91.94382
2020-08-27T06:25:27.777524948,27.920717,-91.860634
2020-08-27T06:25:27.779433250,27.949144,-91.91373
2020-08-27T06:25:27.781722068,27.92983,-91.944695
2020-08-27T06:25:27.783629417,27.936775,-91.88488
2020-08-27T06:25:27.785536766,27.93895,-91.89629
2020-08-27T06:28:43.020524978,28.542652,-91.25807
2020-08-27T06:28:43.026247024,28.542688,-91.258026
2020-08-27T06:28:43.030443191,28.542707,-91.258026
2020-08-27T06:28:43.032350540,28.523588,-91.25443
2020-08-27T06:28:43.075839042,28.46446,-91.24326
2020-08-27T06:28:43.103686332,28.464472,-91.24329
2020-08-27T06:28:48.767835617,28.316837,-91.55175
2020-08-27T06:28:48.769743919,28.31681,-91.55037
2020-08-27T06:28:48.772032737,28.316776,-91.54868
2020-08-27T06:28:48.773940086,28.316935,-91.55391
2020-08-27T06:28:48.787672996,28.316496,-91.537285
2020-08-27T06:28:48.789580345,28.316612,-91.541405
2020-08-27T06:28:48.926911354,28.32264,-91.53713
2020-08-27T06:28:48.930726051,28.316252,-91.5301
2020-08-27T06:28:48.933014869,28.31654,-91.5417
2020-08-27T06:28:48.934922218,28.31658,-91.54442
2020-08-27T06:28:48.942933082,28.314825,-91.4826
2020-08-27T06:28:48.946747779,28.31593,-91.52082
2020-08-27T06:28:57.314033508,30.009834,-92.91941
2020-08-27T06:28:57.346078872,30.008385,-92.877205
2020-08-27T06:28:57.369729995,30.008146,-92.86787
2020-08-27T06:28:57.375833511,30.008251,-92.87031
2020-08-27T06:28:57.417413711,30.006735,-92.82657
2020-08-27T06:28:57.439538955,30.035576,-92.85174
2020-08-27T06:28:57.441446304,30.006824,-92.82676
2020-08-27T06:28:57.443353652,30.036808,-92.85249
2020-08-27T06:28:57.445261001,30.035906,-92.85757
2020-08-27T06:28:57.447168350,30.006887,-92.826744
2020-08-27T06:28:57.449457168,30.032642,-92.85591
2020-08-27T06:28:57.451364517,30.056059,-92.83759
2020-08-27T06:28:57.453271865,30.087238,-92.84448
2020-08-27T06:28:57.455179214,30.051664,-92.83661
2020-08-27T06:28:57.461282730,30.087185,-92.844406
2020-08-27T06:28:57.465099334,30.087135,-92.844345
2020-08-27T06:28:57.467388153,30.08711,-92.844315
2020-08-27T06:28:57.492946624,30.087252,-92.84447
2020-08-27T06:28:57.494853973,30.06315,-92.86775
2020-08-27T06:28:57.497142791,30.071882,-92.85969
2020-08-27T06:28:57.500957489,30.087217,-92.84441
2020-08-27T06:28:57.576488494,30.17065,-92.955185
2020-08-27T06:28:57.608152389,30.170765,-92.95524
2020-08-27T06:28:57.614255905,30.16984,-92.92684
2020-08-27T06:28:57.624174118,30.129494,-92.900505
2020-08-27T06:28:57.626081466,30.038073,-92.851456
2020-08-27T06:28:57.628370285,30.030039,-92.87075
2020-08-27T06:28:57.630277633,30.044552,-92.84531
2020-08-27T06:28:57.632184982,30.088749,-92.89134
2020-08-27T06:28:57.634092330,30.042934,-92.872406
2020-08-27T06:28:57.635999679,30.07121,-92.87707
2020-08-27T06:28:57.638288497,30.04878,-92.87429
2020-08-27T06:28:57.640195846,30.104591,-92.88644
2020-08-27T06:28:57.642103195,30.041641,-92.874146
2020-08-27T06:28:57.644010543,30.036022,-92.86483
2020-08-27T06:28:57.646299362,30.116123,-92.88223
2020-08-27T06:28:57.648206710,30.05011,-92.846405
2020-08-27T06:28:57.650114059,30.041409,-92.84386
2020-08-27T06:28:57.652021408,30.033556,-92.862976
2020-08-27T06:28:57.653928756,30.104689,-92.87679
2020-08-27T06:28:57.656217575,30.032545,-92.86953
2020-08-27T06:28:57.658124923,30.11059,-92.90498
2020-08-27T06:28:57.660032272,30.124004,-92.91959
2020-08-27T06:28:57.661939620,30.034353,-92.86606
2020-08-27T06:28:57.685972213,30.065432,-92.80324
2020-08-27T06:28:57.709623336,30.08426,-92.75176
2020-08-27T06:28:57.856874465,30.006891,-92.82662
2020-08-27T06:28:58.160909652,30.040997,-92.90767
2020-08-27T06:28:58.163198471,30.009912,-92.919365
2020-08-27T06:28:58.165105819,30.009956,-92.91937
2020-08-27T06:28:58.167013168,30.090374,-92.93725
2020-08-27T06:28:58.318077087,30.047865,-92.9205
2020-08-27T06:28:58.319984436,30.009882,-92.919334
2020-08-27T06:29:40.040437221,26.955933,-92.3798
2020-08-27T06:29:40.042344570,26.955936,-92.3798
2020-08-27T06:29:40.044633388,26.95594,-92.37979
2020-08-27T06:29:40.046540737,26.955944,-92.37979
2020-08-27T06:29:40.048448085,26.955948,-92.37978
2020-08-27T06:29:40.058366298,26.955898,-92.37984
2020-08-27T06:29:40.159839153,26.955906,-92.37973
2020-08-27T06:29:40.173572063,26.955915,-92.37972
2020-08-27T06:30:51.235219955,28.621748,-91.31157
2020-08-27T06:30:51.237127304,28.621822,-91.31457
2020-08-27T06:30:51.239034652,28.621496,-91.30294
2020-08-27T06:30:51.241323471,28.633614,-91.322075
2020-08-27T06:30:51.243230819,28.631836,-91.31072
2020-08-27T06:30:51.245138168,28.651968,-91.32854
2020-08-27T06:30:51.248952865,28.62183,-91.314186
2020-08-27T06:30:51.253149032,28.621912,-91.31713
2020-08-27T06:30:51.255056381,28.620642,-91.27168
2020-08-27T06:30:51.256963729,28.62219,-91.32714
2020-08-27T06:32:18.018619537,28.340628,-91.51524
2020-08-27T06:32:18.028537750,28.314718,-91.48258
2020-08-27T06:32:18.054477691,28.314795,-91.48253
2020-08-27T06:32:18.225379943,28.392725,-91.49734
2020-08-27T06:34:02.462044239,28.392488,-91.49825
2020-08-27T06:34:50.106052398,29.769985,-92.922295
2020-08-27T06:34:50.111774444,29.77111,-92.95766
2020-08-27T06:34:50.135807991,29.770065,-92.923454
2020-08-27T06:34:50.161747932,29.769798,-92.9154
2020-08-27T06:34:50.167469978,29.78955,-92.92469
2020-08-27T06:34:50.169377326,29.769537,-92.90884
2020-08-27T06:34:50.175480842,29.769766,-92.916794
2020-08-27T06:34:50.185399055,29.769524,-92.90845
2020-08-27T06:34:50.189595222,29.771114,-92.95761
2020-08-27T06:34:50.191502571,29.758106,-92.91819
2020-08-27T06:34:50.195318222,29.77118,-92.957634
2020-08-27T06:34:50.197225570,29.758772,-92.92362
2020-08-27T06:34:50.201421737,29.75647,-92.92857
2020-08-27T06:34:50.205236434,29.771196,-92.957634
2020-08-27T06:34:50.217061996,29.770994,-92.957565
2020-08-27T06:34:50.219350814,29.771004,-92.95759
2020-08-27T06:34:50.221258163,29.807682,-92.931076
2020-08-27T06:34:50.223165512,29.758284,-92.93155
2020-08-27T06:34:50.225072860,29.76995,-92.921555
2020-08-27T06:34:50.229269027,29.738218,-92.93688
2020-08-27T06:34:50.231176376,29.752083,-92.92688
2020-08-27T06:34:50.233083724,29.77114,-92.957695
2020-08-27T06:34:50.237279891,29.732761,-92.935844
2020-08-27T06:34:50.239187240,29.769747,-92.91364
2020-08-27T06:34:50.244909286,29.7266,-92.93995
2020-08-27T06:34:50.247198104,29.738369,-92.93273
2020-08-27T06:34:50.255209922,29.704634,-92.94305
2020-08-27T06:34:50.257117271,29.691254,-92.940125
2020-08-27T06:34:50.259024620,29.718163,-92.94479
2020-08-27T06:34:50.260931968,29.751394,-92.92639
2020-08-27T06:34:50.262839317,29.69164,-92.95472
2020-08-27T06:34:50.265128135,29.712587,-92.94478
2020-08-27T06:34:50.267035484,29.691113,-92.94004
2020-08-27T06:34:50.268942832,29.691116,-92.94003
2020-08-27T06:34:50.278861045,29.69188,-92.95983
2020-08-27T06:34:50.280768394,29.691261,-92.94013
2020-08-27T06:34:50.283057212,29.700064,-92.94253
2020-08-27T06:34:50.284964561,29.691282,-92.94018
2020-08-27T06:34:50.286871910,29.692125,-92.96633
2020-08-27T06:34:50.296790122,29.691265,-92.94014
2020-08-27T06:34:50.298697471,29.691996,-92.963066
2020-08-27T06:34:50.300604820,29.69127,-92.940125
2020-08-27T06:34:50.308615684,29.69129,-92.940094
2020-08-27T06:34:50.320823669,29.691214,-92.94008
2020-08-27T06:34:50.324638366,29.691183,-92.94006
2020-08-27T06:34:50.338371276,29.658255,-92.93288
2020-08-27T06:34:50.585186004,29.676476,-92.972855
2020-08-27T06:34:50.640881538,29.612862,-92.96732
2020-08-27T06:39:19.462505340,28.697208,-91.28852
2020-08-27T06:39:19.490352630,28.61887,-91.2737
2020-08-27T06:39:19.494548797,28.618856,-91.27367
2020-08-27T06:39:31.925310134,29.752886,-92.93798
2020-08-27T06:39:31.927598953,29.745361,-92.93272
2020-08-27T06:39:31.929506301,29.770538,-92.92651
2020-08-27T06:39:31.941331863,29.770388,-92.919304
2020-08-27T06:39:31.943239212,29.76043,-92.92531
2020-08-27T06:39:31.945146560,29.760887,-92.92002
2020-08-27T06:39:31.947435379,29.753656,-92.91275
2020-08-27T06:39:31.951250076,29.768688,-92.86729
2020-08-27T06:39:31.953157424,29.769592,-92.895164
2020-08-27T06:39:31.961168289,29.770319,-92.91626
2020-08-27T06:39:31.963075637,29.770061,-92.9079
2020-08-27T06:39:31.965364456,29.763355,-92.905754
2020-08-27T06:39:31.971086502,29.769957,-92.9052
2020-08-27T06:39:31.972993850,29.757874,-92.897415
2020-08-27T06:39:31.975282669,29.760744,-92.9099
2020-08-27T06:39:31.977190017,29.769821,-92.90304
2020-08-27T06:39:31.979097366,29.768682,-92.86733
2020-08-27T06:39:31.981004714,29.759947,-92.88619
2020-08-27T06:39:31.982912063,29.769947,-92.906494
2020-08-27T06:39:31.985200881,29.76871,-92.867256
2020-08-27T06:39:31.989015579,29.76976,-92.899994
2020-08-27T06:39:31.990922927,29.752539,-92.888756
2020-08-27T06:39:31.992830276,29.77003,-92.90872
2020-08-27T06:39:31.997026443,29.76997,-92.907104
2020-08-27T06:39:32.003129959,29.769718,-92.8975
2020-08-27T06:39:32.005037307,29.777876,-92.885056
2020-08-27T06:39:32.006944656,29.770006,-92.90515
2020-08-27T06:39:32.013048171,29.777372,-92.88079
2020-08-27T06:39:32.014955520,29.770168,-92.91092
2020-08-27T06:39:32.016862869,29.785563,-92.8838
2020-08-27T06:39:32.018772125,29.759579,-92.89231
2020-08-27T06:39:32.026782989,29.736427,-92.860176
2020-08-27T06:39:32.028690338,29.788183,-92.88007
2020-08-27T06:39:32.038608551,29.76877,-92.8673
2020-08-27T06:39:32.070652008,29.797577,-92.89883
2020-08-27T06:39:32.086292266,29.810581,-92.90108
2020-08-27T06:39:32.088581085,29.809956,-92.90675
2020-08-27T06:39:32.092395782,29.829071,-92.904076
2020-08-27T06:39:32.104221343,29.848854,-92.88485
2020-08-27T06:39:32.106128692,29.848848,-92.88486
2020-08-27T06:39:32.287330627,29.79055,-92.920815
2020-08-27T06:39:32.289237976,29.791845,-92.90545
2020-08-27T06:39:32.309074401,29.81512,-92.92914
2020-08-27T06:39:32.364768981,29.790438,-92.90539
2020-08-27T06:39:32.366676330,29.784613,-92.90056
2020-08-27T06:39:32.440301895,29.796621,-92.90768
2020-08-27T06:39:32.495996475,29.832989,-92.93368
2020-08-27T06:39:32.497903823,29.77033,-92.91546
2020-08-27T06:39:32.499811172,29.769905,-92.90226
2020-08-27T06:39:32.505914688,29.768768,-92.86709
2020-08-27T06:39:32.515834808,29.788404,-92.89972
2020-08-27T06:40:10.323112487,29.770958,-92.92566
2020-08-27T06:40:10.329216003,29.761816,-92.92821
2020-08-27T06:40:10.344856262,29.772055,-92.96004
2020-08-27T06:40:10.349052429,29.77096,-92.9256
2020-08-27T06:40:10.352867126,29.849134,-92.885124
2020-08-27T06:40:10.354774475,29.812397,-92.920746
2020-08-27T06:40:10.358970642,29.83209,-92.928406
2020-08-27T06:40:10.362785339,29.850153,-92.91843
2020-08-27T06:40:10.364692687,29.84909,-92.88515
2020-08-27T06:40:10.368888854,29.85011,-92.91688
2020-08-27T06:40:10.410470008,29.769125,-92.86756
2020-08-27T06:40:10.414666175,29.75892,-92.89022
2020-08-27T06:40:10.418480873,29.76989,-92.89517
2020-08-27T06:40:10.440225601,29.737772,-92.897995
2020-08-27T06:40:10.456247329,29.752172,-92.89164
2020-08-27T06:40:10.462350845,29.76915,-92.86757
2020-08-27T06:40:10.476083755,29.690306,-92.883865
2020-08-27T06:40:10.477991104,29.730915,-92.89416
2020-08-27T06:40:10.488290786,29.717545,-92.888954
2020-08-27T06:40:10.494012832,29.80357,-92.89656
2020-08-27T06:40:10.495920181,29.84911,-92.884964
2020-08-27T06:40:10.498208999,29.809504,-92.89489
2020-08-27T06:40:10.510035514,29.689137,-92.850075
2020-08-27T06:40:10.515757560,29.849123,-92.88515
2020-08-27T06:40:10.523768424,29.848282,-92.85694
2020-08-27T06:40:10.529871940,29.8492,-92.8851
2020-08-27T06:40:10.549708366,29.84855,-92.86539
2020-08-27T06:40:10.551615715,29.838171,-92.859634
2020-08-27T06:40:10.559626579,29.849165,-92.88514
2020-08-27T06:40:10.561533927,29.849178,-92.885124
2020-08-27T06:40:10.585567474,29.742851,-92.953514
2020-08-27T06:40:10.649273872,29.787294,-92.924255
2020-08-27T06:40:10.651181221,29.771948,-92.95987
2020-08-27T06:40:10.663006782,29.79692,-92.898544
2020-08-27T06:40:38.285270690,29.92914,-92.90192
2020-08-27T06:40:38.287178039,29.90745,-92.93196
2020-08-27T06:40:38.293281555,29.904488,-92.93359
2020-08-27T06:40:38.301292419,29.905128,-92.933525
2020-08-27T06:40:38.311210632,29.903725,-92.91444
2020-08-27T06:40:38.315025329,29.92917,-92.90194
2020-08-27T06:40:38.324943542,29.906898,-92.928345
2020-08-27T06:40:38.567562103,29.899202,-92.93658
2020-08-27T06:40:38.597318649,29.87381,-92.927895
2020-08-27T06:40:38.599607467,29.887056,-92.92961
2020-08-27T06:40:38.720535278,29.885906,-92.90555
2020-08-27T06:40:38.734649658,29.87339,-92.91668
2020-08-27T06:40:38.786148071,29.891298,-92.90449
2020-08-27T06:40:38.808273315,29.850107,-92.92442
2020-08-27T06:40:38.861680984,29.906824,-92.91621
2020-08-27T06:40:38.867784500,29.929047,-92.90192
2020-08-27T06:40:38.873888015,29.911297,-92.91499
2020-08-27T06:40:38.875795364,29.928013,-92.8739
2020-08-27T06:40:38.927293777,29.928888,-92.9018
2020-08-27T06:40:38.929582595,29.91496,-92.905594
2020-08-27T06:40:38.931489944,29.904024,-92.929535
2020-08-27T06:41:02.380790233,29.77088,-92.91742
2020-08-27T06:41:02.396811962,29.770742,-92.91261
2020-08-27T06:41:02.500191688,29.770763,-92.91397
2020-08-27T06:41:02.502099037,29.76588,-92.908905
2020-08-27T06:41:02.508203029,29.771004,-92.92109
2020-08-27T06:41:02.510110378,29.770971,-92.921
2020-08-27T06:41:02.513925075,29.770723,-92.91509
2020-08-27T06:41:02.518121242,29.770512,-92.91024
2020-08-27T06:41:02.587549686,29.788149,-92.9047
2020-08-27T06:41:02.589457035,29.808044,-92.91084
2020-08-27T06:41:02.629130840,29.789062,-92.907776
2020-08-27T06:41:02.661174774,29.79149,-92.8983
2020-08-27T06:41:42.359045982,29.897694,-92.914444
2020-08-27T06:41:42.372778892,29.848606,-92.885284
2020-08-27T06:41:42.410545349,29.848557,-92.88526
2020-08-27T06:41:42.430381774,29.928762,-92.903
2020-08-27T06:41:42.549783706,29.896025,-92.915504
2020-08-27T06:41:42.607386589,29.885107,-92.89434
2020-08-27T06:41:42.631419658,29.84859,-92.885284
2020-08-27T06:41:42.814146518,29.89381,-92.87788
2020-08-27T06:41:42.850005149,29.848494,-92.88529
2020-08-27T06:41:50.872055053,29.788446,-92.90605
2020-08-27T06:41:50.873963356,29.789738,-92.9
2020-08-27T06:41:50.875870704,29.768017,-92.86698
2020-08-27T06:41:50.883881568,29.80085,-92.91623
2020-08-27T06:41:50.885788917,29.798098,-92.90569
2020-08-27T06:41:50.891892433,29.805386,-92.9146
2020-08-27T06:41:50.893799781,29.813238,-92.908585
2020-08-27T06:41:50.895707130,29.767948,-92.866936
2020-08-27T06:41:50.969331741,29.769255,-92.906845
2020-08-27T06:41:51.050968170,29.768019,-92.866974
2020-08-27T06:41:51.052875518,29.799522,-92.90462
2020-08-27T06:42:18.158239364,29.769108,-92.88481
2020-08-27T06:42:18.166250228,29.77854,-92.88664
2020-08-27T06:42:18.213935852,29.769579,-92.9014
2020-08-27T06:42:18.215843200,29.769526,-92.900055
2020-08-27T06:42:18.221946716,29.768463,-92.867004
2020-08-27T06:42:18.225761413,29.768463,-92.86703
2020-08-27T06:42:18.237968444,29.76858,-92.866974
2020-08-27T06:42:18.285652160,29.768648,-92.86709
2020-08-27T06:42:18.412683486,29.76859,-92.86706
2020-08-27T06:42:18.414590835,29.773598,-92.87617
2020-08-27T06:42:18.420694351,29.769554,-92.89663
2020-08-27T06:42:18.438623428,29.768618,-92.86699
2020-08-27T06:42:18.440530776,29.769497,-92.89552
2020-08-27T06:42:18.448541641,29.769184,-92.88852
2020-08-27T06:42:18.450448989,29.769241,-92.88933
2020-08-27T06:42:18.452356338,29.76666,-92.88794
2020-08-27T06:42:18.454647064,29.769382,-92.89177
2020-08-27T06:42:18.460369110,29.769346,-92.8889
2020-08-27T06:42:18.466472625,29.772032,-92.88084
2020-08-27T06:42:18.480205535,29.769455,-92.89406
2020-08-27T06:42:18.542003631,29.780994,-92.894714
2020-08-27T06:42:18.685056686,29.769598,-92.89879
2020-08-27T06:42:18.686964035,29.768576,-92.86709
2020-08-27T06:42:18.714813232,29.756193,-92.89538
2020-08-27T06:42:18.806365966,29.773972,-92.88034
2020-08-27T06:42:53.535900115,29.768087,-92.86763
2020-08-27T06:42:53.637372970,29.836409,-92.85571
2020-08-27T06:42:53.641569137,29.824102,-92.84948
2020-08-27T06:42:53.643476486,29.846733,-92.84205
2020-08-27T06:42:53.645383834,29.846842,-92.84559
2020-08-27T06:42:53.647291183,29.8296,-92.840935
2020-08-27T06:42:53.649198532,29.846626,-92.839
2020-08-27T06:42:53.651487350,29.833258,-92.84506
2020-08-27T06:42:53.696882247,29.848116,-92.8852
2020-08-27T06:42:53.710996627,29.8465,-92.834854
2020-08-27T06:42:53.822387695,29.863815,-92.82396
2020-08-27T06:42:53.824295043,29.84518,-92.792694
2020-08-27T06:43:16.273750305,29.847258,-92.88513
2020-08-27T06:43:16.275657653,29.847246,-92.8851
2020-08-27T06:43:16.301597595,29.847258,-92.88512
2020-08-27T06:43:16.303504943,29.852995,-92.89174
2020-08-27T06:43:16.307319641,29.87236,-92.89057
2020-08-27T06:43:16.309608459,29.84765,-92.88637
2020-08-27T06:43:16.311515808,29.879965,-92.88803
2020-08-27T06:43:16.313423156,29.885653,-92.893616
2020-08-27T06:43:16.315330505,29.900618,-92.89692
2020-08-27T06:43:16.317237854,29.873224,-92.88971
2020-08-27T06:43:16.321434020,29.927456,-92.90279
2020-08-27T06:43:16.323341369,29.847292,-92.88508
2020-08-27T06:43:16.331352233,29.91315,-92.89955
2020-08-27T06:43:16.341270446,29.927433,-92.902756
2020-08-27T06:43:16.346992492,29.927464,-92.90282
2020-08-27T06:43:16.408792495,29.815777,-92.899376
2020-08-27T06:43:16.414896011,29.847282,-92.88512
2020-08-27T06:43:16.446557998,29.805912,-92.87614
2020-08-27T06:43:16.452661514,29.767181,-92.867584
2020-08-27T06:43:16.454568862,29.767199,-92.86757
2020-08-27T06:43:16.456476211,29.800514,-92.888336
2020-08-27T06:43:16.458383560,29.8098,-92.8769
2020-08-27T06:43:16.460672378,29.80602,-92.87608
2020-08-27T06:43:16.462579727,29.767227,-92.86757
2020-08-27T06:43:16.482418060,29.79655,-92.89278
2020-08-27T06:43:16.508358001,29.80799,-92.87649
2020-08-27T06:43:16.707105636,29.848774,-92.89181
2020-08-27T06:43:16.709012985,29.865404,-92.888306
2020-08-27T06:43:16.764709472,29.84791,-92.90777
2020-08-27T06:43:16.766616821,29.865477,-92.8919
2020-08-27T06:43:16.834136962,29.872541,-92.88628
2020-08-27T06:43:16.856264114,29.847237,-92.885124
2020-08-27T06:43:16.858171463,29.885134,-92.90892
2020-08-27T06:43:16.884111404,29.848001,-92.9076
2020-08-27T06:43:16.886018753,29.89312,-92.89528
2020-08-27T06:43:16.959642410,29.855865,-92.88926
2020-08-27T06:43:16.961549758,29.847298,-92.88514
2020-08-27T06:43:16.975284576,29.866278,-92.89212
2020-08-27T06:43:16.977573394,29.8993,-92.89662
2020-08-27T06:43:16.979480743,29.865236,-92.891594
2020-08-27T06:43:16.983295440,29.872166,-92.88721
2020-08-27T06:43:16.987491607,29.847223,-92.885124
2020-08-27T06:43:16.989398956,29.857079,-92.901794
2020-08-27T06:43:16.993213653,29.860598,-92.90215
2020-08-27T06:43:16.995121002,29.89974,-92.89678
2020-08-27T06:43:16.999317169,29.8472,-92.88521
2020-08-27T06:43:17.132452011,29.847233,-92.88518
2020-08-27T06:43:35.345237731,29.848064,-92.886444
2020-08-27T06:43:35.394830703,29.848019,-92.88645
2020-08-27T06:43:35.402841567,29.848007,-92.88645
2020-08-27T06:43:35.418863296,29.848087,-92.88652
2020-08-27T06:43:35.458536148,29.848057,-92.88641
2020-08-27T06:44:25.591670036,29.847248,-92.885414
2020-08-27T06:44:25.593958854,29.881495,-92.878204
2020-08-27T06:44:25.601588249,29.847198,-92.88536
2020-08-27T06:44:25.607691764,29.883724,-92.89334
2020-08-27T06:44:25.613796234,29.84721,-92.885376
2020-08-27T06:44:25.617610931,29.847242,-92.885445
2020-08-27T06:44:25.711071968,29.9152,-92.87831
2020-08-27T06:44:25.712979316,29.898766,-92.896736
2020-08-27T06:44:25.722897529,29.917686,-92.88171
2020-08-27T06:44:25.725186347,29.910664,-92.87593
2020-08-27T06:44:25.732815742,29.918446,-92.88255
2020-08-27T06:44:25.735104560,29.912827,-92.899925
2020-08-27T06:44:25.758756637,29.927479,-92.9031
2020-08-27T06:44:25.778593063,29.927423,-92.90309
2020-08-27T06:44:25.780500411,29.93821,-92.88928
2020-08-27T06:44:25.782789230,29.927439,-92.90308
2020-08-27T06:44:25.784696578,29.927446,-92.90308
2020-08-27T06:44:25.788511276,29.92746,-92.90308
2020-08-27T06:44:25.792707443,29.92655,-92.874374
2020-08-27T06:44:25.796522140,29.927471,-92.9031
2020-08-27T06:44:25.985353469,29.911274,-92.88869
2020-08-27T06:44:25.987260818,29.847204,-92.88541
2020-08-27T06:44:26.003282546,29.847279,-92.88535
2020-08-27T06:44:26.106661796,29.913263,-92.87723
2020-08-27T06:44:50.743116378,29.847822,-92.885796
2020-08-27T06:44:50.745023727,29.847805,-92.88581
2020-08-27T06:44:50.788512229,29.8478,-92.88572
2020-08-27T06:44:50.800719261,29.872313,-92.87479
2020-08-27T06:44:50.802626609,29.847725,-92.885704
2020-08-27T06:44:50.804533958,29.864616,-92.87788
2020-08-27T06:44:50.810637474,29.847704,-92.8857
2020-08-27T06:44:50.816360473,29.847786,-92.88565
2020-08-27T06:44:50.818649291,29.84781,-92.88565
2020-08-27T06:44:50.822463989,29.928001,-92.90336
2020-08-27T06:44:50.824371337,29.928017,-92.903366
2020-08-27T06:44:50.826278686,29.926592,-92.85819
2020-08-27T06:44:50.828567504,29.847878,-92.88571
2020-08-27T06:44:50.902192115,29.830685,-92.85016
2020-08-27T06:44:50.971620559,29.927979,-92.9034
2020-08-27T06:44:50.987642288,29.903833,-92.89799
2020-08-27T06:44:50.989549636,29.90175,-92.89754
2020-08-27T06:44:50.991456985,29.890678,-92.89023
2020-08-27T06:44:50.993364334,29.896338,-92.89636
2020-08-27T06:44:50.995271682,29.89111,-92.89522
2020-08-27T06:44:50.997561454,29.847857,-92.88569
2020-08-27T06:44:51.005571365,29.767744,-92.86812
2020-08-27T06:44:51.007478713,29.84778,-92.885704
2020-08-27T06:44:51.009386062,29.894157,-92.89594
2020-08-27T06:44:51.011293411,29.847797,-92.88572
2020-08-27T06:44:51.013200759,29.893892,-92.8959
2020-08-27T06:44:51.015489578,29.889423,-92.89491
2020-08-27T06:44:51.055164337,29.849045,-92.9245
2020-08-27T06:44:51.060886383,29.8478,-92.885704
2020-08-27T06:44:51.166555404,29.821184,-92.861305
2020-08-27T06:44:51.184484481,29.847797,-92.885735
2020-08-27T06:45:14.631498336,29.891119,-92.87968
2020-08-27T06:45:14.633787155,29.893042,-92.88868
2020-08-27T06:45:14.635694503,29.894886,-92.88962
2020-08-27T06:45:14.637601852,29.90861,-92.86972
2020-08-27T06:45:14.671552658,29.911062,-92.87317
2020-08-27T06:45:14.673460006,29.887127,-92.881035
2020-08-27T06:45:14.675367355,29.920116,-92.88246
2020-08-27T06:45:14.685285568,29.926342,-92.86515
2020-08-27T06:45:14.687192916,29.936455,-92.87679
2020-08-27T06:45:14.689481735,29.936287,-92.87048
2020-08-27T06:45:14.691389083,29.972437,-92.885445
2020-08-27T06:45:14.693296432,29.92761,-92.902824
2020-08-27T06:45:14.695203781,29.962696,-92.871414
2020-08-27T06:45:14.697111129,29.94649,-92.87506
2020-08-27T06:45:14.699399948,29.927666,-92.90286
2020-08-27T06:45:14.705121994,29.975328,-92.876236
2020-08-27T06:45:14.721143722,30.007872,-92.920555
2020-08-27T06:45:14.724958419,29.987833,-92.886826
2020-08-27T06:45:14.729154586,30.006645,-92.88211
2020-08-27T06:45:14.731061935,30.006672,-92.88255
2020-08-27T06:45:14.739072799,29.847496,-92.88511
2020-08-27T06:45:14.739072799,30.007923,-92.92058
2020-08-27T06:45:14.792861938,29.925488,-92.83881
2020-08-27T06:45:14.975587844,29.904114,-92.88299
2020-08-27T06:45:14.977495193,29.912195,-92.86171
2020-08-27T06:45:14.979402542,29.894133,-92.874504
2020-08-27T06:45:14.981691360,29.912352,-92.83653
2020-08-27T06:45:14.983598709,29.905054,-92.85417
2020-08-27T06:45:14.987413406,29.901907,-92.897224
2020-08-27T06:45:14.999622344,29.88783,-92.85362
2020-08-27T06:45:15.023273468,29.924658,-92.81033
2020-08-27T06:45:15.035099029,29.890781,-92.87177
2020-08-27T06:45:15.037387847,29.924688,-92.810356
2020-08-27T06:45:15.077060699,29.924757,-92.81037
2020-08-27T06:45:15.086978912,29.899445,-92.89671
2020-08-27T06:45:15.138479232,29.845955,-92.83574
2020-08-27T06:45:28.683529853,29.927662,-92.88134
2020-08-27T06:45:28.772795677,29.928364,-92.903786
2020-08-27T06:45:28.939881324,29.932,-92.888985
2020-08-27T06:45:28.941788673,29.928446,-92.890594
2020-08-27T06:45:28.945603370,29.927778,-92.88123
2020-08-27T06:45:28.947892189,29.972452,-92.91361
2020-08-27T06:45:28.953614234,30.008787,-92.921646
2020-08-27T06:45:28.955904006,29.911459,-92.88665
2020-08-27T06:45:28.961626052,29.912817,-92.88784
2020-08-27T06:45:28.967729568,29.917095,-92.87755
2020-08-27T06:45:29.005495071,29.927725,-92.881615
2020-08-27T06:45:29.007402420,29.938564,-92.89395
2020-08-27T06:45:29.148549079,29.928406,-92.90392
2020-08-27T06:45:29.220266342,29.92842,-92.90399
2020-08-27T06:45:45.136569976,29.847343,-92.885704
2020-08-27T06:45:45.142673492,29.847317,-92.8857
2020-08-27T06:45:45.144580841,29.8862,-92.8598
2020-08-27T06:45:45.218205451,29.846127,-92.84778
2020-08-27T06:45:45.333411216,29.890604,-92.895226
2020-08-27T06:45:45.434884071,29.86233,-92.89247
2020-08-27T06:45:45.452813148,29.852037,-92.89564
2020-08-27T06:45:45.454720497,29.871355,-92.89039
2020-08-27T06:45:45.504312515,29.84734,-92.88572
2020-08-27T06:45:45.506601333,29.867525,-92.880844
2020-08-27T06:45:45.615703582,29.877466,-92.88669
2020-08-27T06:45:45.617610931,29.889051,-92.86421
2020-08-27T06:45:45.745023727,29.874727,-92.91131
2020-08-27T06:45:45.780881881,29.820623,-92.913155
2020-08-27T06:46:06.522470474,29.92685,-92.9029
2020-08-27T06:46:06.562144279,29.925608,-92.8639
2020-08-27T06:46:06.565958976,29.933329,-92.86888
2020-08-27T06:46:06.570155143,29.935484,-92.862335
2020-08-27T06:46:06.572062492,29.926836,-92.90282
2020-08-27T06:46:06.573969841,29.925657,-92.865654
2020-08-27T06:46:06.575877189,29.926847,-92.90283
2020-08-27T06:46:06.611736297,29.953854,-92.85858
2020-08-27T06:46:06.615932464,30.004099,-92.82793
2020-08-27T06:46:06.617839813,30.004078,-92.8279
2020-08-27T06:46:06.623943328,30.004087,-92.82793
2020-08-27T06:46:06.629665374,30.00411,-92.82794
2020-08-27T06:46:06.631572723,30.00413,-92.82795
2020-08-27T06:46:06.647594451,29.926804,-92.90301
2020-08-27T06:46:06.675442695,30.004185,-92.828026
2020-08-27T06:46:06.679257392,30.005066,-92.855446
2020-08-27T06:46:06.681546211,30.005165,-92.85957
2020-08-27T06:46:06.685360908,30.004093,-92.82807
2020-08-27T06:46:06.903945922,29.923973,-92.88057
2020-08-27T06:46:06.906234741,29.914959,-92.868286
2020-08-27T06:46:06.921875953,29.926725,-92.902855
2020-08-27T06:46:06.923783302,29.92564,-92.868706
2020-08-27T06:46:06.926072120,29.94292,-92.867836
2020-08-27T06:46:06.927979469,29.944933,-92.868675
2020-08-27T06:46:06.935990333,29.926764,-92.90287
2020-08-27T06:46:06.937897682,29.925735,-92.8704
2020-08-27T06:46:06.939805030,29.941366,-92.8784
2020-08-27T06:46:06.941712379,29.941711,-92.86172
2020-08-27T06:46:06.961548805,29.950726,-92.868614
2020-08-27T06:46:06.975664138,29.925743,-92.87226
2020-08-27T06:46:06.993593215,29.926662,-92.902885
2020-08-27T06:46:07.007326126,29.952232,-92.86619
2020-08-27T06:46:07.021440505,29.953533,-92.86859
2020-08-27T06:46:07.065310478,29.925545,-92.86753
2020-08-27T06:46:24.214161872,29.917124,-92.86541
2020-08-27T06:46:24.218358039,29.925768,-92.856
2020-08-27T06:46:24.287786483,29.888918,-92.89503
2020-08-27T06:46:24.321738243,29.890451,-92.89614
2020-08-27T06:46:24.325552940,29.874256,-92.904594
2020-08-27T06:46:24.327460289,29.892216,-92.89656
2020-08-27T06:46:24.329749107,29.847261,-92.88664
2020-08-27T06:46:24.337378501,29.84733,-92.886635
2020-08-27T06:46:24.425117492,29.894392,-92.89698
2020-08-27T06:46:24.427024841,29.888878,-92.890114
2020-08-27T06:46:24.571986198,29.911987,-92.864395
2020-08-27T06:46:24.574275016,29.9259,-92.85413
2020-08-27T06:46:24.576182365,29.925669,-92.84732
2020-08-27T06:46:24.578089714,29.92592,-92.855644
2020-08-27T06:46:24.579997062,29.925762,-92.85073
2020-08-27T06:46:24.581904411,29.925934,-92.856186
2020-08-27T06:46:24.586100578,29.925816,-92.85263
2020-08-27T06:46:24.588007926,29.934885,-92.852974
2020-08-27T06:46:24.591822624,29.926092,-92.86108
2020-08-27T06:46:24.594111442,29.926125,-92.861984
2020-08-27T06:46:45.941864967,29.901909,-92.80662
2020-08-27T06:46:45.949875831,29.924183,-92.811455
2020-08-27T06:46:45.963608741,29.884428,-92.80275
2020-08-27T06:46:45.989549636,29.878792,-92.80156
2020-08-27T06:46:45.995653152,29.864716,-92.815125
2020-08-27T06:46:46.007478713,29.844124,-92.7939
2020-08-27T06:46:46.009386062,29.869663,-92.81946
2020-08-27T06:46:46.134891510,29.844044,-92.79385
2020-08-27T06:46:46.136798858,29.84404,-92.79384
2020-08-27T06:46:46.138706207,29.86936,-92.81899
2020-08-27T06:46:46.158542633,29.844921,-92.822395
2020-08-27T06:46:46.170750617,29.844097,-92.79393
2020-08-27T06:46:46.253911972,29.924143,-92.811485
2020-08-27T06:46:46.263830184,29.902407,-92.80671
2020-08-27T06:46:46.273748397,29.924181,-92.81149
2020-08-27T06:46:46.276037216,29.896374,-92.8054
2020-08-27T06:46:46.279851913,29.88142,-92.795876
2020-08-27T06:46:46.281759262,29.882803,-92.80244
2020-08-27T06:46:46.284048080,29.889162,-92.80384
2020-08-27T06:46:46.285955429,29.84405,-92.793945
2020-08-27T06:46:46.287862777,29.844055,-92.79395
2020-08-27T06:46:46.289770126,29.84404,-92.79395
2020-08-27T06:46:46.494623184,29.893639,-92.8115
2020-08-27T06:46:46.496530532,29.924168,-92.81149
2020-08-27T06:46:46.607921600,29.892319,-92.80464
2020-08-27T06:47:06.287862777,29.946516,-92.84377
2020-08-27T06:47:06.297781944,29.924904,-92.81014
2020-08-27T06:47:06.309607505,29.96368,-92.8187
2020-08-27T06:47:06.311896324,29.9636,-92.85128
2020-08-27T06:47:06.319525718,29.971708,-92.85173
2020-08-27T06:47:06.321814537,30.00521,-92.827866
2020-08-27T06:47:06.323721885,30.00521,-92.82787
2020-08-27T06:47:06.329443931,30.0052,-92.82789
2020-08-27T06:47:06.339362144,30.005135,-92.82789
2020-08-27T06:47:06.387428283,30.00516,-92.82795
2020-08-27T06:47:06.391242980,30.01555,-92.85141
2020-08-27T06:47:06.393150329,29.98176,-92.85045
2020-08-27T06:47:06.395057678,30.00614,-92.85972
2020-08-27T06:47:06.397346496,30.005112,-92.82789
2020-08-27T06:47:06.401161193,30.006199,-92.86095
2020-08-27T06:47:06.404975891,30.006155,-92.8583
2020-08-27T06:47:06.407264709,30.005203,-92.82787
2020-08-27T06:47:06.409172058,30.006172,-92.85841
2020-08-27T06:47:06.412986755,30.006428,-92.86767
2020-08-27T06:47:06.417182922,30.006615,-92.87476
2020-08-27T06:47:06.425194740,30.006653,-92.87556
2020-08-27T06:47:06.572062492,29.924887,-92.81017
2020-08-27T06:47:06.601817131,29.926466,-92.85924
2020-08-27T06:47:06.604106903,29.926493,-92.85952
2020-08-27T06:47:06.607921600,29.955212,-92.86597
2020-08-27T06:47:06.681546211,30.061796,-92.84084
2020-08-27T06:47:06.683453559,29.970493,-92.85248
2020-08-27T06:47:06.685360908,30.005222,-92.86219
2020-08-27T06:47:06.687649726,29.968212,-92.85469
2020-08-27T06:47:06.691464424,30.005133,-92.827965
2020-08-27T06:47:06.695279121,30.00512,-92.82793
2020-08-27T06:47:06.699475288,30.005144,-92.82791
2020-08-27T06:47:06.701382637,29.97076,-92.84011
2020-08-27T06:47:06.707486152,30.005304,-92.827934
2020-08-27T06:47:06.709393501,30.005302,-92.827934
2020-08-27T06:47:06.711300849,30.005287,-92.827934
2020-08-27T06:47:06.713208198,29.9758,-92.83755
2020-08-27T06:47:06.715115547,30.005259,-92.827934
2020-08-27T06:47:06.717404365,30.005243,-92.827934
2020-08-27T06:47:06.719311714,30.005234,-92.82792
2020-08-27T06:47:06.820784568,30.085611,-92.84578
2020-08-27T06:47:06.822691917,30.119215,-92.85325
2020-08-27T06:47:06.824599266,30.084795,-92.84809
2020-08-27T06:47:06.826506614,30.051813,-92.844894
2020-08-27T06:47:06.828413963,30.070189,-92.84802
2020-08-27T06:47:06.830702781,30.039234,-92.85146
2020-08-27T06:47:06.832610130,30.021816,-92.85125
2020-08-27T06:47:06.836424827,29.976181,-92.852974
2020-08-27T06:47:06.838713645,29.98519,-92.84886
2020-08-27T06:47:06.840620994,30.003624,-92.85156
2020-08-27T06:47:06.842528343,29.984146,-92.850204
2020-08-27T06:47:06.844435691,30.005238,-92.82797
2020-08-27T06:47:06.846343040,30.00522,-92.82797
2020-08-27T06:47:34.288169860,28.81625,-91.24623
2020-08-27T06:47:34.294273376,28.796196,-91.22019
2020-08-27T06:47:34.298088073,28.772545,-91.21565
2020-08-27T06:47:34.318305969,28.772577,-91.215706
2020-08-27T06:47:34.322120666,28.77256,-91.21566
2020-08-27T06:47:34.425500869,28.696459,-91.290695
2020-08-27T06:47:34.872972488,28.696522,-91.290924
2020-08-27T06:47:35.032047271,28.542126,-91.35096
2020-08-27T06:47:35.037769317,28.543396,-91.39404
2020-08-27T06:47:35.039676666,28.527637,-91.40399
2020-08-27T06:47:35.055698394,28.508917,-91.39941
2020-08-27T06:47:35.059894561,28.498096,-91.39744
2020-08-27T06:47:35.061801910,28.466349,-91.42593
2020-08-27T06:47:35.065616607,28.466398,-91.42593
2020-08-27T06:47:35.067523956,28.466423,-91.42593
2020-08-27T06:47:35.069812774,28.484774,-91.40137
2020-08-27T06:47:35.071720123,28.46639,-91.42593
2020-08-27T06:47:35.075534820,28.466345,-91.42593
2020-08-27T06:47:35.077442169,28.46632,-91.42593
2020-08-27T06:47:35.079730987,28.466326,-91.42593
2020-08-27T06:47:35.081638336,28.466343,-91.42593
2020-08-27T06:47:35.550472259,29.92444,-92.81186
2020-08-27T06:47:35.552379608,29.924452,-92.81185
2020-08-27T06:47:35.554286956,29.917812,-92.830826
2020-08-27T06:47:35.562297821,29.905655,-92.80776
2020-08-27T06:47:35.570308685,29.898726,-92.80631
2020-08-27T06:47:35.574123382,29.84435,-92.794365
2020-08-27T06:47:35.596248626,29.927383,-92.90443
2020-08-27T06:47:35.598155975,29.926096,-92.86377
2020-08-27T06:47:35.606166839,29.941542,-92.86315
2020-08-27T06:47:35.608076095,29.926014,-92.85969
2020-08-27T06:47:35.715269088,29.924492,-92.81193
2020-08-27T06:47:35.754943847,29.937597,-92.85491
2020-08-27T06:47:35.757232666,29.926245,-92.863174
2020-08-27T06:47:35.840774536,29.90459,-92.835335
2020-08-27T06:47:35.842681884,29.888742,-92.84228
2020-08-27T06:47:35.850692749,29.927423,-92.904564
2020-08-27T06:47:35.852600097,29.926092,-92.86275
2020-08-27T06:47:35.860612869,29.92606,-92.861595
2020-08-27T06:47:35.866334915,29.926134,-92.863716
2020-08-27T06:47:35.963991165,29.90809,-92.87573
2020-08-27T06:47:35.973909378,29.91373,-92.88387
2020-08-27T06:47:35.975816726,29.90797,-92.870056
2020-08-27T06:47:35.977724075,29.910475,-92.87784
2020-08-27T06:47:35.979633331,29.91102,-92.8744
2020-08-27T06:47:35.987644195,29.895424,-92.89736
2020-08-27T06:47:35.989551544,29.91212,-92.87301
2020-08-27T06:47:35.991840362,29.847284,-92.88678
2020-08-27T06:47:36.005573272,29.882706,-92.89464
2020-08-27T06:47:36.007480621,29.901545,-92.88039
2020-08-27T06:47:36.009769439,29.84728,-92.88681
2020-08-27T06:47:36.025409698,29.896357,-92.88626
2020-08-27T06:47:36.027317047,29.847286,-92.886826
2020-08-27T06:47:44.244297981,30.005184,-92.82958
2020-08-27T06:47:44.274053573,30.006033,-92.85606
2020-08-27T06:47:44.275960922,30.005188,-92.82966
2020-08-27T06:47:44.285879135,30.005173,-92.82961
2020-08-27T06:47:44.287786483,30.005169,-92.829605
2020-08-27T06:47:44.295797348,30.005112,-92.82956
2020-08-27T06:47:44.303808212,30.00601,-92.85689
2020-08-27T06:47:44.341574668,30.006218,-92.86516
2020-08-27T06:47:44.343482017,30.005072,-92.8296
2020-08-27T06:47:44.351492881,30.005049,-92.82959
2020-08-27T06:47:44.353400230,30.017534,-92.8612
2020-08-27T06:47:44.363318443,30.005098,-92.82957
2020-08-27T06:47:44.546426773,30.005108,-92.82953
2020-08-27T06:48:00.931945800,29.922756,-92.81088
2020-08-27T06:48:00.939956665,29.922806,-92.81095
2020-08-27T06:48:00.949874877,29.923868,-92.84504
2020-08-27T06:48:00.979629993,29.92275,-92.81094
2020-08-27T06:48:00.981918811,29.942654,-92.83328
2020-08-27T06:48:00.985733509,29.922728,-92.81095
2020-08-27T06:48:00.989548683,29.947033,-92.816284
2020-08-27T06:48:00.991837501,29.949095,-92.81671
2020-08-27T06:48:00.993744850,29.950155,-92.81692
2020-08-27T06:48:00.995652198,29.92281,-92.81087
2020-08-27T06:48:00.997559547,29.95686,-92.81834
2020-08-27T06:48:00.999848365,29.952782,-92.81745
2020-08-27T06:48:01.001755714,29.922821,-92.81086
2020-08-27T06:48:01.110857486,29.94977,-92.81685
2020-08-27T06:48:01.140994071,29.9389,-92.84714
2020-08-27T06:48:01.250096321,29.935946,-92.83903
2020-08-27T06:48:01.269933223,29.922716,-92.81084
2020-08-27T06:48:01.284047603,29.922792,-92.81078
2020-08-27T06:48:01.301977157,29.922798,-92.81079
2020-08-27T06:48:01.341650485,29.923817,-92.84139
2020-08-27T06:48:01.540399074,29.92569,-92.903275
2020-08-27T06:48:09.512476921,30.004297,-92.82897
2020-08-27T06:48:09.564356803,30.00431,-92.82902
2020-08-27T06:48:09.566264152,30.004297,-92.82902
2020-08-27T06:48:09.576183319,30.017233,-92.84398
2020-08-27T06:48:09.578090667,30.00433,-92.82907
2020-08-27T06:48:09.586101531,30.017773,-92.84784
2020-08-27T06:48:09.588008880,30.004206,-92.8289
2020-08-27T06:48:09.590297698,30.004204,-92.8289
2020-08-27T06:48:09.677655220,30.004286,-92.828995
2020-08-27T06:48:21.103228092,29.961956,-92.81979
2020-08-27T06:48:21.194400787,29.966806,-92.86202
2020-08-27T06:48:50.600063323,29.944153,-92.842705
2020-08-27T06:48:50.601970672,29.924906,-92.81119
2020-08-27T06:48:50.683606147,29.94754,-92.84707
2020-08-27T06:48:50.685513496,29.936003,-92.827286
2020-08-27T06:48:50.693525314,29.925035,-92.81115
2020-08-27T06:48:50.695432662,29.925041,-92.81114
2020-08-27T06:48:50.703443527,29.925808,-92.83701
2020-08-27T06:48:50.707639694,29.92494,-92.81114
2020-08-27T06:48:50.711454391,29.90596,-92.80697
2020-08-27T06:48:50.715650558,29.933996,-92.82812
2020-08-27T06:48:50.717557907,29.925264,-92.8219
2020-08-27T06:48:50.719465255,29.934862,-92.81947
2020-08-27T06:48:50.721372604,29.913942,-92.81127
2020-08-27T06:48:50.723279953,29.906927,-92.80715
2020-08-27T06:48:50.733198165,29.893847,-92.80427
2020-08-27T06:48:50.739301681,29.939577,-92.840416
2020-08-27T06:48:50.924317359,29.924927,-92.81098
2020-08-27T06:48:50.926224708,29.924934,-92.81101
2020-08-27T06:48:50.930039405,29.930069,-92.82761
2020-08-27T06:49:05.749219894,30.004192,-92.82884
2020-08-27T06:49:05.751127243,30.004202,-92.82885
2020-08-27T06:49:05.753416061,30.004211,-92.82885
2020-08-27T06:49:05.755323410,30.00422,-92.82886
2020-08-27T06:49:05.757230758,30.004229,-92.828865
2020-08-27T06:49:05.759138107,30.004217,-92.82885
2020-08-27T06:49:05.763334274,30.004175,-92.82881
2020-08-27T06:49:05.765241622,30.004154,-92.82879
2020-08-27T06:49:05.991838455,30.004108,-92.82877
2020-08-27T06:49:05.993745803,30.029741,-92.834435
2020-08-27T06:49:05.995653152,30.037403,-92.83611
2020-08-27T06:49:05.997941970,30.00412,-92.828735
2020-08-27T06:49:05.999849319,30.02953,-92.8271
2020-08-27T06:49:06.001756668,30.030294,-92.84416
2020-08-27T06:49:06.003664016,30.021725,-92.82897
2020-08-27T06:49:06.005571365,30.029636,-92.83412
2020-08-27T06:49:06.007860183,30.027037,-92.83644
2020-08-27T06:49:06.009767532,30.004185,-92.8288
2020-08-27T06:49:06.013582229,30.041046,-92.851006
2020-08-27T06:49:06.015489578,30.02285,-92.83294
2020-08-27T06:49:06.019685745,30.00411,-92.828804
2020-08-27T06:49:06.023500442,30.030657,-92.834694
2020-08-27T06:49:06.025789260,30.004091,-92.82883
2020-08-27T06:49:06.043336868,30.054792,-92.857346
2020-08-27T06:49:06.069277763,30.085758,-92.8881
2020-08-27T06:49:06.073473930,30.06522,-92.875404
2020-08-27T06:49:06.077288627,30.087397,-92.93934
2020-08-27T06:49:06.079195976,30.086004,-92.89556
2020-08-27T06:49:06.081103324,30.052776,-92.859566
2020-08-27T06:49:06.085299491,30.043472,-92.88097
2020-08-27T06:49:06.089114189,30.086128,-92.89732
2020-08-27T06:49:06.131076812,30.004015,-92.82872
2020-08-27T06:49:06.188679695,30.084423,-92.846436
2020-08-27T06:49:06.190587043,30.084414,-92.84642
2020-08-27T06:49:06.192494392,30.084402,-92.846405
2020-08-27T06:49:06.335928916,29.972027,-92.82158
2020-08-27T06:49:06.339743614,30.0357,-92.84921
2020-08-27T06:49:06.349661827,30.00417,-92.82858
2020-08-27T06:49:06.365684509,29.962904,-92.83122
2020-08-27T06:49:06.367591857,29.971296,-92.83668
2020-08-27T06:49:06.371406555,29.95975,-92.81882
2020-08-27T06:49:06.375602722,29.973318,-92.82182
2020-08-27T06:49:53.037693023,29.973337,-92.82275
2020-08-27T06:49:53.041507720,29.979921,-92.824165
2020-08-27T06:49:53.065540313,30.005013,-92.82958
2020-08-27T06:49:53.069355010,30.005028,-92.82955
2020-08-27T06:49:53.081180572,30.00502,-92.82968
2020-08-27T06:49:53.083469390,30.004917,-92.82059
2020-08-27T06:49:53.085376739,30.00496,-92.82969
2020-08-27T06:49:53.087284088,30.00493,-92.8297
2020-08-27T06:49:53.089191436,30.004929,-92.8297
2020-08-27T06:49:53.093387603,30.004946,-92.82969
2020-08-27T06:49:53.095294952,30.004953,-92.82968
2020-08-27T06:49:53.105213165,30.00501,-92.82969
2020-08-27T06:49:53.109027862,30.034433,-92.836205
2020-08-27T06:49:53.113224029,30.005045,-92.82972
2020-08-27T06:49:53.131153106,30.005043,-92.829666
2020-08-27T06:49:53.133062362,30.048653,-92.839294
2020-08-27T06:49:53.136877059,30.049898,-92.83955
2020-08-27T06:49:53.139165878,30.044128,-92.83827
2020-08-27T06:49:53.141073226,30.045261,-92.83855
2020-08-27T06:49:53.144887924,30.059307,-92.841705
2020-08-27T06:49:53.146795272,30.057419,-92.84131
2020-08-27T06:49:53.149084091,30.005077,-92.82973
2020-08-27T06:49:53.172735214,30.08541,-92.84751
2020-08-27T06:49:53.174642562,30.044895,-92.83854
2020-08-27T06:49:53.369575500,29.972748,-92.822556
2020-08-27T06:49:53.375679016,29.978024,-92.82373
2020-08-27T06:49:53.377586364,30.005236,-92.82973
2020-08-27T06:49:53.379495620,30.005224,-92.82975
2020-08-27T06:49:53.381402969,29.977049,-92.82356
2020-08-27T06:49:53.385599136,29.977045,-92.82361
2020-08-27T06:49:53.387506484,30.005157,-92.82983
2020-08-27T06:49:53.389413833,30.005173,-92.829834
2020-08-27T06:49:53.391321182,29.974522,-92.82308
2020-08-27T06:49:53.427179336,29.950546,-92.85031
2020-08-27T06:50:27.125202178,30.004713,-92.830185
2020-08-27T06:50:27.127109527,30.004723,-92.830185
2020-08-27T06:50:27.137027740,30.051197,-92.8405
2020-08-27T06:50:27.138935089,30.08506,-92.84799
2020-08-27T06:50:27.140842437,30.08506,-92.84799
2020-08-27T06:50:27.148853302,30.085056,-92.84799
2020-08-27T06:50:27.161061286,30.004671,-92.83023
2020-08-27T06:50:27.162968635,30.004667,-92.83026
2020-08-27T06:50:27.164875984,30.004665,-92.83029
2020-08-27T06:50:27.168690681,30.032288,-92.83643
2020-08-27T06:50:27.170979499,30.004667,-92.83031
2020-08-27T06:50:27.172886848,30.085032,-92.84807
2020-08-27T06:50:27.178990364,30.004686,-92.830246
2020-08-27T06:50:27.180897712,30.097021,-92.850655
2020-08-27T06:50:27.184712409,30.085085,-92.84796
2020-08-27T06:50:27.186619758,30.08348,-92.846664
2020-08-27T06:50:27.188908576,30.085442,-92.85869
2020-08-27T06:50:27.190815925,30.085075,-92.84794
2020-08-27T06:50:27.194630622,30.09599,-92.86295
2020-08-27T06:50:27.196537971,30.085691,-92.85285
2020-08-27T06:50:27.198826789,30.085007,-92.84793
2020-08-27T06:50:27.200734138,30.092325,-92.86994
2020-08-27T06:50:27.202641487,30.085028,-92.84795
2020-08-27T06:50:27.204548835,30.095375,-92.875244
2020-08-27T06:50:27.230489730,30.088049,-92.94077
2020-08-27T06:50:27.252233505,30.088032,-92.9407
2020-08-27T06:50:27.256429672,30.004673,-92.830124
2020-08-27T06:50:27.274358749,30.004524,-92.830055
2020-08-27T06:50:27.276266098,30.023905,-92.81641
2020-08-27T06:50:27.278173446,30.00453,-92.83001
2020-08-27T06:50:27.280080795,30.003643,-92.80249
2020-08-27T06:50:27.284277915,30.026339,-92.80624
2020-08-27T06:50:27.286185264,30.016382,-92.80364
2020-08-27T06:50:27.288092613,30.003477,-92.798805
2020-08-27T06:50:27.294196128,30.003191,-92.78862
2020-08-27T06:50:27.299918174,30.00288,-92.778366
2020-08-27T06:50:27.335776329,30.003088,-92.78472
2020-08-27T06:50:27.337683677,30.00452,-92.82996
2020-08-27T06:50:27.353706359,29.979036,-92.79718
2020-08-27T06:50:27.355613708,29.980116,-92.801796
2020-08-27T06:50:27.361717224,30.00451,-92.83009
2020-08-27T06:50:27.365531921,29.97944,-92.80481
2020-08-27T06:50:27.367820739,29.975172,-92.806725
2020-08-27T06:50:27.369728088,30.004503,-92.830124
2020-08-27T06:50:27.373542785,29.961296,-92.82058
2020-08-27T06:50:27.407494544,29.924286,-92.8124
2020-08-27T06:50:27.409401893,29.92429,-92.81239
2020-08-27T06:50:27.413598060,29.924303,-92.81239
2020-08-27T06:50:27.415505409,29.959587,-92.82017
2020-08-27T06:50:27.417412757,30.004568,-92.83007
2020-08-27T06:50:27.478830337,29.940735,-92.83075
2020-08-27T06:50:27.481119155,29.948587,-92.834274
2020-08-27T06:50:27.486841201,29.924364,-92.81244
2020-08-27T06:50:27.500955581,30.074131,-92.84596
2020-08-27T06:50:27.502862930,30.078634,-92.85265
2020-08-27T06:50:27.504770278,30.084963,-92.84781
2020-08-27T06:50:27.546732902,30.004644,-92.83008
2020-08-27T06:50:27.610057830,29.924389,-92.81238
2020-08-27T06:50:27.616161346,30.004648,-92.83002
2020-08-27T06:50:27.619976043,30.017183,-92.829895
2020-08-27T06:50:27.622264862,30.016449,-92.83406
2020-08-27T06:50:27.624172210,30.018642,-92.8346
2020-08-27T06:50:27.626079559,30.028675,-92.827484
2020-08-27T06:50:27.627986907,30.027231,-92.81826
2020-08-27T06:50:27.630275726,29.994225,-92.84856
2020-08-27T06:50:27.632183074,30.00465,-92.83006
2020-08-27T06:50:27.634090423,30.034256,-92.83659
2020-08-27T06:50:27.637905120,30.035122,-92.84832
2020-08-27T06:50:27.640193939,30.026667,-92.835495
2020-08-27T06:50:27.642101287,30.03751,-92.83728
2020-08-27T06:50:27.644008636,30.004648,-92.83002
2020-08-27T06:50:27.761503219,29.996727,-92.81108
2020-08-27T06:50:27.763410568,29.992245,-92.815216
2020-08-27T06:50:27.765317916,29.95928,-92.83821
2020-08-27T06:50:27.767225265,29.963356,-92.83733
2020-08-27T06:50:27.769132614,29.967632,-92.83015
2020-08-27T06:50:27.771421432,29.975294,-92.8156
2020-08-27T06:50:27.773328781,29.985716,-92.802055
2020-08-27T06:50:27.779051780,29.953482,-92.85545
2020-08-27T06:50:27.781340599,29.977379,-92.82283
2020-08-27T06:50:27.783247947,30.004702,-92.83003
2020-08-27T06:50:27.785155296,30.004715,-92.830025
2020-08-27T06:50:27.787062644,29.960224,-92.84511
2020-08-27T06:50:27.788969993,30.004728,-92.83001
2020-08-27T06:50:27.793166160,29.927414,-92.90488
2020-08-27T06:50:27.796980857,29.951979,-92.85325
2020-08-27T06:50:27.799269676,29.968864,-92.828766
2020-08-27T06:50:27.801177024,29.947958,-92.87045
2020-08-27T06:50:27.803084373,29.976519,-92.823746
2020-08-27T06:50:27.806899070,29.927336,-92.90483
2020-08-27T06:50:27.814909934,29.92742,-92.90488
2020-08-27T06:50:27.829024314,29.927555,-92.904945
2020-08-27T06:50:27.830931663,29.927538,-92.90496
2020-08-27T06:50:27.844665527,29.92752,-92.90497
2020-08-27T06:50:27.846954345,29.927532,-92.90495
2020-08-27T06:50:28.047610282,30.004871,-92.83007
2020-08-27T06:50:51.987871170,29.926573,-92.90442
2020-08-27T06:50:52.003892898,29.92647,-92.90437
2020-08-27T06:50:52.015718460,29.936201,-92.91922
2020-08-27T06:50:52.023731231,29.926537,-92.90431
2020-08-27T06:50:52.025638580,29.926517,-92.904305
2020-08-27T06:50:52.027927398,29.9265,-92.9043
2020-08-27T06:50:52.029834747,29.926487,-92.904305
2020-08-27T06:50:52.033649444,29.926458,-92.904305
2020-08-27T06:50:52.105365753,29.937565,-92.9084
2020-08-27T06:50:52.113376617,29.935038,-92.90612
2020-08-27T06:50:52.125202178,29.926514,-92.904236
2020-08-27T06:50:52.190816879,29.934855,-92.91652
2020-08-27T06:50:52.202642440,29.926428,-92.90424
2020-08-27T06:50:52.208745956,29.926441,-92.90417
2020-08-27T06:50:52.218664169,29.94384,-92.9366
2020-08-27T06:50:52.228582382,29.942932,-92.92702
2020-08-27T06:50:52.230489730,29.9526,-92.92669
2020-08-27T06:50:52.238500595,29.952839,-92.91694
2020-08-27T06:50:52.240407943,29.955233,-92.91653
2020-08-27T06:50:52.244604110,29.96436,-92.91268
2020-08-27T06:50:52.246511459,29.961784,-92.89894
2020-08-27T06:50:52.250326156,29.957373,-92.9111
2020-08-27T06:50:52.268257141,29.962477,-92.90812
2020-08-27T06:50:52.381553649,29.939367,-92.92602
2020-08-27T06:50:52.465097427,29.958626,-92.91224
2020-08-27T06:50:52.518886566,29.926548,-92.904045
2020-08-27T06:50:52.520793914,29.95792,-92.914604
2020-08-27T06:50:52.546733856,29.92665,-92.90409
2020-08-27T06:50:52.548641204,29.97203,-92.8946
2020-08-27T06:50:52.574581146,29.959667,-92.91088
2020-08-27T06:50:52.685972213,29.950832,-92.90945
2020-08-27T06:50:52.687879562,29.926683,-92.90409
2020-08-27T06:50:52.693601608,29.927563,-92.93119
2020-08-27T06:50:52.695890426,29.926702,-92.90413
2020-08-27T06:50:52.699705123,29.936756,-92.932076
2020-08-27T06:50:52.701612472,29.926664,-92.90405
2020-08-27T06:50:52.703519821,29.927763,-92.939026
2020-08-27T06:50:52.844665527,29.953848,-92.916245
2020-08-27T06:50:52.846954345,29.9605,-92.911476
2020-08-27T06:50:52.932405471,29.927843,-92.93847
2020-08-27T06:50:52.934312820,29.960741,-92.906685
2020-08-27T06:50:52.948045730,29.926695,-92.90395
2020-08-27T06:50:52.956056594,29.92793,-92.94178
2020-08-27T06:50:52.958345413,29.970837,-92.88814
2020-08-27T06:50:52.970170974,29.926666,-92.90393
2020-08-27T06:51:32.033649444,30.104807,-92.8516
2020-08-27T06:51:31.646068572,30.07793,-92.83182
2020-08-27T06:51:31.647977828,30.082983,-92.84313
2020-08-27T06:51:31.649885177,30.083885,-92.84749
2020-08-27T06:51:31.652173995,30.08362,-92.84576
2020-08-27T06:51:31.654081344,30.083456,-92.83548
2020-08-27T06:51:31.655988693,30.083817,-92.84744
2020-08-27T06:51:31.657896041,30.089441,-92.849144
2020-08-27T06:51:31.660184860,30.083416,-92.83537
2020-08-27T06:51:31.662092208,30.083317,-92.8321
2020-08-27T06:51:31.663999557,30.083809,-92.84741
2020-08-27T06:51:31.665906906,30.082796,-92.83534
2020-08-27T06:51:31.667814254,30.08382,-92.847404
2020-08-27T06:51:31.670103073,30.083841,-92.8474
2020-08-27T06:51:31.672010421,30.083862,-92.8474
2020-08-27T06:51:31.673917770,30.083883,-92.84739
2020-08-27T06:51:31.675825119,30.083193,-92.825096
2020-08-27T06:51:31.677732467,30.092972,-92.86011
2020-08-27T06:51:31.680021286,30.093252,-92.84937
2020-08-27T06:51:31.681928634,30.083864,-92.84741
2020-08-27T06:51:31.683835983,30.095072,-92.85554
2020-08-27T06:51:31.685743331,30.0942,-92.835014
2020-08-27T06:51:31.687650680,30.100807,-92.86499
2020-08-27T06:51:31.689939498,30.098087,-92.85062
2020-08-27T06:51:31.691846847,30.107878,-92.86899
2020-08-27T06:51:31.693754196,30.08379,-92.847404
2020-08-27T06:51:31.695661544,30.107313,-92.86527
2020-08-27T06:51:31.697950363,30.101143,-92.85122
2020-08-27T06:51:31.699857711,30.083797,-92.84737
2020-08-27T06:51:31.703672409,30.083797,-92.84737
2020-08-27T06:51:31.705579757,30.083797,-92.84737
2020-08-27T06:51:31.707868576,30.082592,-92.809494
2020-08-27T06:51:31.711683273,30.083794,-92.84741
2020-08-27T06:51:31.717786788,30.123436,-92.856285
2020-08-27T06:51:31.719694137,30.16425,-92.86536
2020-08-27T06:51:31.721601486,30.08378,-92.847496
2020-08-27T06:51:31.725416183,30.132704,-92.85837
2020-08-27T06:51:31.773483276,30.082544,-92.80711
2020-08-27T06:51:31.781112670,30.082403,-92.80245
2020-08-27T06:51:31.789123535,30.082197,-92.796265
2020-08-27T06:51:31.906618118,30.0744,-92.81589
2020-08-27T06:51:31.908525466,30.039028,-92.795334
2020-08-27T06:51:32.031742095,30.083838,-92.84737
2020-08-27T06:51:32.035938262,30.080643,-92.82609
2020-08-27T06:51:32.037845611,30.083899,-92.847404
2020-08-27T06:51:32.039752960,30.07905,-92.842674
2020-08-27T06:51:32.041660308,30.068907,-92.83431
2020-08-27T06:51:32.043567657,30.068377,-92.82593
2020-08-27T06:51:32.045856475,30.08613,-92.83982
2020-08-27T06:51:32.047763824,30.08752,-92.8443
2020-08-27T06:51:32.049671173,30.056463,-92.819626
2020-08-27T06:51:32.051578521,30.060953,-92.81925
2020-08-27T06:51:32.053485870,30.050278,-92.821075
2020-08-27T06:51:32.055774688,30.04728,-92.82068
2020-08-27T06:51:32.057682037,30.039133,-92.83748
2020-08-27T06:51:32.059589385,30.039564,-92.82078
2020-08-27T06:51:32.061496734,30.074001,-92.83552
2020-08-27T06:51:32.063404083,30.03585,-92.82326
2020-08-27T06:51:32.065692901,30.044262,-92.82002
2020-08-27T06:51:32.067600250,30.04039,-92.83781
2020-08-27T06:51:32.069507598,30.052849,-92.84055
2020-08-27T06:51:32.071414947,30.05919,-92.83485
2020-08-27T06:51:32.073703765,30.037561,-92.837166
2020-08-27T06:51:32.075611114,30.057968,-92.841675
2020-08-27T06:51:32.077518463,30.060863,-92.84231
2020-08-27T06:51:32.079425811,30.043947,-92.83856
2020-08-27T06:51:32.081333160,30.083956,-92.847404
2020-08-27T06:51:32.083621978,30.063532,-92.84289
2020-08-27T06:51:32.085529327,30.003565,-92.82962
2020-08-27T06:51:32.087436676,30.05168,-92.840256
2020-08-27T06:51:32.089344024,30.003561,-92.82961
2020-08-27T06:51:32.091251373,30.00358,-92.82961
2020-08-27T06:51:32.093540191,30.0036,-92.82962
2020-08-27T06:51:32.095447540,30.003618,-92.82962
2020-08-27T06:51:32.097354888,30.00274,-92.80139
2020-08-27T06:51:32.099262237,30.00361,-92.8296
2020-08-27T06:51:32.101551055,30.003572,-92.82957
2020-08-27T06:51:32.103458404,30.003534,-92.82954
2020-08-27T06:51:32.345695495,30.164417,-92.86521
2020-08-27T06:52:12.008089065,29.926868,-92.90535
2020-08-27T06:52:12.016099929,29.926823,-92.90538
2020-08-27T06:52:12.069507598,29.955757,-92.91184
2020-08-27T06:52:12.071796417,29.92698,-92.90548
2020-08-27T06:52:12.121387481,29.972864,-92.92117
2020-08-27T06:52:12.145040512,29.946934,-92.93055
2020-08-27T06:52:12.169073104,29.928041,-92.94069
2020-08-27T06:52:12.170980453,29.947477,-92.93973
2020-08-27T06:52:12.172887802,29.926956,-92.905464
2020-08-27T06:52:12.174795150,29.928236,-92.94483
2020-08-27T06:52:12.177083969,29.93854,-92.936966
2020-08-27T06:52:12.180898666,29.928362,-92.94918
2020-08-27T06:52:12.246511459,29.966383,-92.92267
2020-08-27T06:52:12.248418807,29.957342,-92.91216
2020-08-27T06:52:12.252614974,29.928278,-92.949936
2020-08-27T06:52:12.383842468,29.952345,-92.93009
2020-08-27T06:52:12.389566421,29.955969,-92.91179
2020-08-27T06:52:12.391855239,29.960844,-92.91289
2020-08-27T06:52:12.393762588,29.959171,-92.926544
2020-08-27T06:52:12.395669937,29.951994,-92.92977
2020-08-27T06:52:12.401773452,29.965513,-92.91738
2020-08-27T06:52:12.403680801,29.95609,-92.91181
2020-08-27T06:52:12.407495498,29.971197,-92.91509
2020-08-27T06:52:12.411691665,29.962154,-92.92224
2020-08-27T06:52:12.413599014,29.972786,-92.89167
2020-08-27T06:52:12.415506362,29.972116,-92.892715
2020-08-27T06:52:12.417413711,29.973864,-92.8923
2020-08-27T06:52:12.419702529,29.968489,-92.89356
2020-08-27T06:52:12.421609878,29.958454,-92.91614
2020-08-27T06:52:12.429620742,29.970528,-92.90054
2020-08-27T06:52:12.433435440,30.004208,-92.83054
2020-08-27T06:52:12.437250137,30.004196,-92.83054
2020-08-27T06:52:12.439538955,29.984074,-92.88459
2020-08-27T06:52:12.451364517,30.014992,-92.84914
2020-08-27T06:52:12.455179214,30.004145,-92.83047
2020-08-27T06:52:12.467386245,30.004204,-92.83047
2020-08-27T06:52:12.528804779,30.004213,-92.830536
2020-08-27T06:52:12.644010543,29.957952,-92.91227
2020-08-27T06:52:12.699705123,29.926758,-92.90527
2020-08-27T06:52:12.701993942,29.978664,-92.889626
2020-08-27T06:52:12.703901290,29.978739,-92.88818
2020-08-27T06:52:12.773330688,29.969055,-92.89557
2020-08-27T06:52:12.775238037,29.986708,-92.87295
2020-08-27T06:52:19.290840148,27.581287,-92.09427
2020-08-27T06:52:18.529415130,27.627869,-92.183174
2020-08-27T06:52:18.533229827,27.636782,-92.20206
2020-08-27T06:52:18.535518646,27.63553,-92.158165
2020-08-27T06:52:18.537425994,27.636583,-92.19543
2020-08-27T06:52:18.547344207,27.635487,-92.15824
2020-08-27T06:52:18.555355072,27.636406,-92.19002
2020-08-27T06:52:18.561077117,27.635519,-92.158165
2020-08-27T06:52:18.690397262,27.636538,-92.192505
2020-08-27T06:52:18.692304611,27.635555,-92.15818
2020-08-27T06:52:18.696500778,27.636623,-92.19621
2020-08-27T06:52:18.698408126,27.62276,-92.16466
2020-08-27T06:52:18.704513549,27.636547,-92.194084
2020-08-27T06:52:18.706420898,27.610657,-92.17663
2020-08-27T06:52:18.728164672,27.58867,-92.19306
2020-08-27T06:52:18.730072021,27.601177,-92.19242
2020-08-27T06:52:18.734268188,27.6026,-92.1687
2020-08-27T06:52:18.748001098,27.636517,-92.19312
2020-08-27T06:52:18.749908447,27.559673,-92.1937
2020-08-27T06:52:18.777755737,27.635542,-92.158104
2020-08-27T06:52:18.785766601,27.576487,-92.21213
2020-08-27T06:52:18.787673950,27.5608,-92.2327
2020-08-27T06:52:18.819717407,27.58727,-92.20516
2020-08-27T06:52:18.821624755,27.584826,-92.1939
2020-08-27T06:52:18.847566604,27.581394,-92.18441
2020-08-27T06:52:18.849473953,27.596598,-92.17359
2020-08-27T06:52:18.851381301,27.577198,-92.17809
2020-08-27T06:52:18.853288650,27.58055,-92.17863
2020-08-27T06:52:18.855577468,27.577724,-92.17594
2020-08-27T06:52:18.857484817,27.582422,-92.172646
2020-08-27T06:52:18.859392166,27.579172,-92.179054
2020-08-27T06:52:18.861299514,27.576593,-92.178505
2020-08-27T06:52:18.863588333,27.578098,-92.17718
2020-08-27T06:52:18.865495681,27.603058,-92.1647
2020-08-27T06:52:18.867403030,27.55823,-92.14317
2020-08-27T06:52:18.869310379,27.558228,-92.14317
2020-08-27T06:52:18.875413894,27.593756,-92.17252
2020-08-27T06:52:18.877321243,27.558304,-92.143135
2020-08-27T06:52:18.879228591,27.61411,-92.16541
2020-08-27T06:52:18.881135940,27.593077,-92.18628
2020-08-27T06:52:18.921190261,27.521643,-92.0684
2020-08-27T06:52:18.923097610,27.597433,-92.105064
2020-08-27T06:52:18.925004959,27.587706,-92.13099
2020-08-27T06:52:18.926912307,27.593243,-92.16104
2020-08-27T06:52:19.024570465,27.65159,-92.16559
2020-08-27T06:52:19.026477813,27.59094,-92.196495
2020-08-27T06:52:19.070346832,27.635664,-92.15796
2020-08-27T06:52:19.108114242,27.677494,-92.170166
2020-08-27T06:52:19.246971130,27.679783,-92.20723
2020-08-27T06:52:19.261085510,27.694439,-92.256744
2020-08-27T06:52:19.262992858,27.650347,-92.16021
2020-08-27T06:52:19.266807556,27.682537,-92.23249
2020-08-27T06:52:19.269096374,27.614079,-92.17246
2020-08-27T06:52:19.271003723,27.606695,-92.1704
2020-08-27T06:52:19.272911071,27.592388,-92.15182
2020-08-27T06:52:19.274818420,27.603798,-92.168785
2020-08-27T06:52:19.277107238,27.589888,-92.15747
2020-08-27T06:52:19.279014587,27.582792,-92.15104
2020-08-27T06:52:19.280921936,27.586435,-92.15414
2020-08-27T06:52:19.282829284,27.582333,-92.150185
2020-08-27T06:52:19.284736633,27.580091,-92.14959
2020-08-27T06:52:19.287025451,27.583097,-92.144806
2020-08-27T06:52:19.288932800,27.567215,-92.12654
2020-08-27T06:52:19.290840148,27.33213,-92.27738
2020-08-27T06:52:19.292747497,27.612793,-92.13789
2020-08-27T06:52:19.294654846,27.594517,-92.171165
2020-08-27T06:52:19.386209487,27.623663,-92.22274
2020-08-27T06:52:19.463649749,27.690655,-92.25891
2020-08-27T06:52:19.463649749,27.487663,-92.35389
2020-08-27T06:52:19.465938568,27.613407,-92.192055
2020-08-27T06:52:19.467845916,27.586575,-92.18387
2020-08-27T06:52:26.596476554,30.08498,-92.84822
2020-08-27T06:52:26.608303070,30.094866,-92.87204
2020-08-27T06:52:26.610210418,30.096382,-92.871735
2020-08-27T06:52:26.612499237,30.084988,-92.84823
2020-08-27T06:52:26.628139495,30.10097,-92.86855
2020-08-27T06:52:26.632335662,30.085009,-92.84828
2020-08-27T06:52:26.634243011,30.103525,-92.869255
2020-08-27T06:52:26.638057708,30.08502,-92.84829
2020-08-27T06:52:26.644161224,30.101194,-92.8716
2020-08-27T06:52:26.680020332,30.084965,-92.84818
2020-08-27T06:52:26.683835029,30.084993,-92.84825
2020-08-27T06:52:26.689938545,30.1354,-92.85949
2020-08-27T06:52:26.691845893,30.10848,-92.875656
2020-08-27T06:52:26.703671455,30.08625,-92.888626
2020-08-27T06:52:26.713589668,30.086317,-92.88991
2020-08-27T06:52:26.727705001,30.08505,-92.848305
2020-08-27T06:52:26.729612350,30.100021,-92.870575
2020-08-27T06:52:26.731519699,30.097403,-92.862
2020-08-27T06:52:26.733808517,30.085026,-92.84829
2020-08-27T06:52:26.735715866,30.095596,-92.858696
2020-08-27T06:52:26.737623214,30.085007,-92.848274
2020-08-27T06:52:26.739530563,30.0991,-92.851395
2020-08-27T06:52:26.741437911,30.085003,-92.84825
2020-08-27T06:52:26.743726730,30.096277,-92.84951
2020-08-27T06:52:26.745634078,30.085,-92.84823
2020-08-27T06:52:26.747541427,30.084997,-92.84821
2020-08-27T06:52:26.749448776,30.085,-92.8482
2020-08-27T06:52:26.751356124,30.085003,-92.84819
2020-08-27T06:52:26.755552291,30.08501,-92.84817
2020-08-27T06:52:26.757459640,30.085014,-92.84816
2020-08-27T06:52:26.761655807,30.085062,-92.84818
2020-08-27T06:52:26.763563156,30.085087,-92.8482
2020-08-27T06:52:26.765470504,30.092894,-92.849945
2020-08-27T06:52:26.769285202,30.128359,-92.86993
2020-08-27T06:52:26.771574020,30.085089,-92.8482
2020-08-27T06:52:26.773481369,30.085058,-92.848175
2020-08-27T06:52:26.775388717,30.085028,-92.84816
2020-08-27T06:52:26.777296066,30.100834,-92.853516
2020-08-27T06:52:26.779203414,30.113106,-92.85441
2020-08-27T06:52:26.781492233,30.085018,-92.8482
2020-08-27T06:52:26.783399581,30.085032,-92.848236
2020-08-27T06:52:26.787214279,30.135632,-92.85954
2020-08-27T06:52:26.789122581,30.142189,-92.873825
2020-08-27T06:52:26.791411399,30.085047,-92.84833
2020-08-27T06:52:26.793318748,30.142006,-92.89013
2020-08-27T06:52:26.807051658,30.167265,-92.92155
2020-08-27T06:52:26.834898948,30.075182,-92.82734
2020-08-27T06:52:26.837187767,30.084927,-92.848274
2020-08-27T06:52:26.886779785,30.08521,-92.84839
2020-08-27T06:52:26.888687133,30.085222,-92.8484
2020-08-27T06:52:26.990159988,30.085117,-92.84837
2020-08-27T06:52:27.006181716,30.084332,-92.824974
2020-08-27T06:52:27.008089065,30.085613,-92.86569
2020-08-27T06:52:27.009996414,30.085655,-92.86619
2020-08-27T06:52:27.027925491,30.085073,-92.84834
2020-08-27T06:52:27.029832839,30.084385,-92.82633
2020-08-27T06:52:27.031740188,30.085678,-92.86644
2020-08-27T06:52:27.033647537,30.08511,-92.84831
2020-08-27T06:52:27.049670219,30.12041,-92.87282
2020-08-27T06:52:27.051577568,30.111732,-92.867485
2020-08-27T06:52:27.053866386,30.165575,-92.86628
2020-08-27T06:52:27.055773735,30.165562,-92.866295
2020-08-27T06:52:27.178990364,30.163946,-92.81475
2020-08-27T06:52:27.185093879,30.1642,-92.82295
2020-08-27T06:52:27.187001228,30.164215,-92.823494
2020-08-27T06:52:27.192723274,30.085083,-92.8483
2020-08-27T06:52:27.401771545,30.106115,-92.87203
2020-08-27T06:52:53.063632965,30.085365,-92.84825
2020-08-27T06:52:53.067829132,30.085367,-92.84827
2020-08-27T06:52:53.069736480,30.11492,-92.85482
2020-08-27T06:52:53.081562042,30.085392,-92.84821
2020-08-27T06:52:53.101398468,30.165932,-92.86612
2020-08-27T06:52:53.194860458,30.096642,-92.82763
2020-08-27T06:52:53.196767807,30.085468,-92.84833
2020-08-27T06:52:53.199056625,30.085472,-92.84832
2020-08-27T06:52:53.200963973,30.085472,-92.84831
2020-08-27T06:52:53.202871322,30.085472,-92.848305
2020-08-27T06:52:53.312355041,30.085453,-92.84817
2020-08-27T06:52:53.314262390,30.088861,-92.83192
2020-08-27T06:52:53.316169738,30.085457,-92.84822
2020-08-27T06:52:53.327995300,30.085516,-92.84815
2020-08-27T06:52:53.342109680,30.085495,-92.8482
2020-08-27T06:52:53.344017028,30.08549,-92.84821
2020-08-27T06:52:53.435571670,30.00508,-92.8304
2020-08-27T06:52:53.445489883,30.005135,-92.83045
2020-08-27T06:52:53.459222793,29.989815,-92.82706
2020-08-27T06:52:53.560695648,30.084044,-92.80385
2020-08-27T06:53:40.022126197,30.359793,-91.38369
2020-08-27T06:53:40.024033546,30.326748,-91.42347
2020-08-27T06:53:40.025940895,30.322374,-91.425575
2020-08-27T06:53:40.028230190,30.318922,-91.43177
2020-08-27T06:53:40.030137538,30.322529,-91.42844
2020-08-27T06:53:40.032044887,30.319826,-91.43436
2020-08-27T06:53:40.033952236,30.315918,-91.43732
2020-08-27T06:53:40.035859584,30.316525,-91.43764
2020-08-27T06:53:40.038148403,30.324932,-91.42273
2020-08-27T06:53:40.040055751,30.338888,-91.424866
2020-08-27T06:53:40.041963100,30.325533,-91.43555
2020-08-27T06:53:40.053788661,30.358654,-91.34733
2020-08-27T06:53:40.056077480,30.358673,-91.34733
2020-08-27T06:53:40.057984828,30.35869,-91.34732
2020-08-27T06:53:56.047916412,30.00394,-92.82975
2020-08-27T06:53:56.055927276,30.00395,-92.82978
2020-08-27T06:53:56.057834625,30.005148,-92.867195
2020-08-27T06:53:56.063938140,30.003954,-92.82977
2020-08-27T06:53:56.065845489,30.004915,-92.85987
2020-08-27T06:53:56.071567535,30.003948,-92.82979
2020-08-27T06:53:56.075763702,30.032187,-92.83607
2020-08-27T06:53:56.083774566,30.035536,-92.836815
2020-08-27T06:53:56.085681915,30.003931,-92.82983
2020-08-27T06:53:56.089496612,30.040817,-92.837975
2020-08-27T06:53:56.091785430,30.028133,-92.849106
2020-08-27T06:53:56.093692779,30.029806,-92.8459
2020-08-27T06:53:56.101703643,30.035894,-92.83685
2020-08-27T06:53:56.103612899,30.003922,-92.82977
2020-08-27T06:53:56.105520248,30.00392,-92.82976
2020-08-27T06:53:56.107427597,30.030823,-92.8357
2020-08-27T06:53:56.109334945,30.036093,-92.836876
2020-08-27T06:53:56.111623764,30.034742,-92.83659
2020-08-27T06:53:56.113531112,30.04481,-92.82563
2020-08-27T06:53:56.133367538,30.06359,-92.8232
2020-08-27T06:53:56.135274887,30.08428,-92.84754
2020-08-27T06:53:56.145193099,30.07033,-92.82314
2020-08-27T06:53:56.147481918,30.052183,-92.82294
2020-08-27T06:53:56.159307479,30.06933,-92.81632
2020-08-27T06:53:56.161214828,30.053137,-92.8318
2020-08-27T06:53:56.163122177,30.051891,-92.84042
2020-08-27T06:53:56.165029525,30.084312,-92.84762
2020-08-27T06:53:56.167318344,30.08322,-92.812386
2020-08-27T06:53:56.169225692,30.084337,-92.84763
2020-08-27T06:53:56.173040390,30.083208,-92.813614
2020-08-27T06:53:56.177236557,30.084246,-92.84755
2020-08-27T06:53:56.181051254,30.083326,-92.8182
2020-08-27T06:53:56.185247421,30.083084,-92.80967
2020-08-27T06:53:56.187154769,30.083353,-92.817604
2020-08-27T06:53:56.190969467,30.104362,-92.81966
2020-08-27T06:53:56.192876815,30.091486,-92.82343
2020-08-27T06:53:56.195165634,30.074724,-92.82992
2020-08-27T06:53:56.197072982,30.078178,-92.83148
2020-08-27T06:53:56.198980331,30.040535,-92.858475
2020-08-27T06:53:56.200887680,30.08429,-92.847664
2020-08-27T06:53:56.205083847,30.118935,-92.85531
2020-08-27T06:53:56.206991195,30.084227,-92.84757
2020-08-27T06:53:56.208898544,30.116598,-92.83177
2020-08-27T06:53:56.210805892,30.103355,-92.83208
2020-08-27T06:53:56.218816757,30.109724,-92.83849
2020-08-27T06:53:56.220724105,30.08637,-92.853386
2020-08-27T06:53:56.226829528,30.122734,-92.848404
2020-08-27T06:53:56.228736877,30.124018,-92.85647
2020-08-27T06:53:56.230644226,30.137392,-92.859406
2020-08-27T06:53:56.232933044,30.140747,-92.860115
2020-08-27T06:53:56.234840393,30.164698,-92.8654
2020-08-27T06:53:56.236747741,30.11448,-92.84653
2020-08-27T06:53:56.240562438,30.164692,-92.86542
2020-08-27T06:53:56.246665954,30.164755,-92.865555
2020-08-27T06:53:56.248573303,30.164762,-92.86557
2020-08-27T06:53:56.258491516,30.16472,-92.86546
2020-08-27T06:53:56.369882583,29.990984,-92.874886
2020-08-27T06:53:56.375986099,29.988604,-92.88449
2020-08-27T06:53:56.377893447,30.005402,-92.87333
2020-08-27T06:53:56.379800796,30.003984,-92.82982
2020-08-27T06:53:56.383996963,29.99598,-92.872505
2020-08-27T06:53:56.385904312,30.004154,-92.872665
2020-08-27T06:53:56.387811660,30.003883,-92.82983
2020-08-27T06:53:56.389719009,29.99332,-92.873505
2020-08-27T06:53:56.392007827,29.99411,-92.873245
2020-08-27T06:53:56.393915176,30.003962,-92.829865
2020-08-27T06:53:56.395822525,30.004934,-92.859505
2020-08-27T06:53:56.397729873,30.004923,-92.85836
2020-08-27T06:53:56.399637222,30.005388,-92.873116
2020-08-27T06:53:56.401926040,30.004002,-92.829895
2020-08-27T06:53:56.403833389,30.003996,-92.829895
2020-08-27T06:53:56.405740737,30.00399,-92.829895
2020-08-27T06:53:56.407648086,30.003984,-92.8299
2020-08-27T06:53:56.411844253,30.00396,-92.82985
2020-08-27T06:53:56.427484512,30.003935,-92.829735
2020-08-27T06:53:56.429773330,30.003918,-92.829765
2020-08-27T06:53:56.431680679,29.98755,-92.87217
2020-08-27T06:53:56.433588027,29.98262,-92.88183
2020-08-27T06:53:56.447320938,29.983421,-92.88265
2020-08-27T06:53:56.564815521,30.012741,-92.86499
2020-08-27T06:53:56.574733734,30.006887,-92.92255
2020-08-27T06:53:56.576641082,29.999771,-92.88378
2020-08-27T06:53:56.580837249,30.001205,-92.88477
2020-08-27T06:53:56.582744598,30.01962,-92.87437
2020-08-27T06:53:56.584651947,30.005917,-92.8916
2020-08-27T06:53:56.594570159,29.987902,-92.91706
2020-08-27T06:53:56.600675582,30.006908,-92.92264
2020-08-27T06:53:56.602582931,29.992159,-92.91536
2020-08-27T06:54:03.007935523,30.223095,-92.93234
2020-08-27T06:54:03.010224342,30.205772,-92.92046
2020-08-27T06:54:03.035783767,30.216507,-92.91021
2020-08-27T06:54:52.050434112,27.636538,-92.19943
2020-08-27T06:54:52.052341461,27.636755,-92.20734
2020-08-27T06:54:52.054630279,27.636765,-92.20796
2020-08-27T06:54:52.056537628,27.636738,-92.20725
2020-08-27T06:54:52.058444976,27.63675,-92.20787
2020-08-27T06:54:52.064548492,27.637217,-92.22277
2020-08-27T06:54:52.066455841,27.645111,-92.226776
2020-08-27T06:54:52.068363189,27.645386,-92.22387
2020-08-27T06:54:52.070270538,27.637999,-92.249405
2020-08-27T06:54:52.181661605,27.637955,-92.24932
2020-08-27T06:54:52.183568954,27.64744,-92.22641
2020-08-27T06:54:52.185857772,27.637978,-92.24935
2020-08-27T06:54:52.221334457,27.636751,-92.206535
2020-08-27T06:54:52.269020080,27.665747,-92.13968
2020-08-27T06:54:52.271308898,27.670528,-92.14292
2020-08-27T06:54:52.273216247,27.67405,-92.14959
2020-08-27T06:54:52.275123596,27.682186,-92.14391
2020-08-27T06:54:52.277030944,27.670074,-92.13646
2020-08-27T06:54:52.278938293,27.661121,-92.17133
2020-08-27T06:54:52.318992614,27.636604,-92.204056
2020-08-27T06:54:52.336921691,27.636938,-92.21577
2020-08-27T06:54:52.354850769,27.63698,-92.21459
2020-08-27T06:54:52.368583679,27.636976,-92.21625
2020-08-27T06:54:52.402536392,27.637142,-92.220024
2020-08-27T06:54:52.432291030,27.637066,-92.217545
2020-08-27T06:54:52.434198379,27.636845,-92.208786
2020-08-27T06:54:52.458230972,27.636839,-92.211624
2020-08-27T06:54:52.493707656,27.633577,-92.220375
2020-08-27T06:54:52.505914688,27.637913,-92.24929
2020-08-27T06:54:52.507822036,27.636831,-92.21161
2020-08-27T06:54:52.511636734,27.590488,-92.23523
2020-08-27T06:54:52.513545989,27.637968,-92.249374
2020-08-27T06:54:52.527660369,27.707373,-92.17224
2020-08-27T06:54:52.529567718,27.653786,-92.178345
2020-08-27T06:54:52.531475067,27.654533,-92.18017
2020-08-27T06:54:52.535671234,27.710989,-92.166214
2020-08-27T06:54:52.547496795,27.652393,-92.11683
2020-08-27T06:54:52.551311492,27.676401,-92.213394
2020-08-27T06:54:52.553600311,27.713964,-92.21705
2020-08-27T06:54:52.555507659,27.6361,-92.09283
2020-08-27T06:54:52.557415008,27.676945,-92.12828
2020-08-27T06:54:52.561611175,27.618082,-92.26258
2020-08-27T06:54:52.563518524,27.617668,-92.22904
2020-08-27T06:54:52.629131317,27.63672,-92.20717
2020-08-27T06:54:52.658887863,27.636385,-92.188896
2020-08-27T06:54:52.662702560,27.560661,-92.23439
2020-08-27T06:54:52.682538986,27.636835,-92.207054
2020-08-27T06:54:52.732511520,27.599234,-92.24255
2020-08-27T06:54:52.734418869,27.588148,-92.267685
2020-08-27T06:54:52.736326217,27.588854,-92.26484
2020-08-27T06:54:52.793930053,27.56073,-92.2343
2020-08-27T06:55:04.234761238,30.17471,-92.836426
2020-08-27T06:55:04.236668586,30.172379,-92.8347
2020-08-27T06:55:04.238957405,30.17051,-92.8325
2020-08-27T06:55:04.240864753,30.16442,-92.83317
2020-08-27T06:55:04.242772102,30.163641,-92.83752
2020-08-27T06:55:04.244679450,30.163755,-92.840355
2020-08-27T06:55:04.246586799,30.163437,-92.82969
2020-08-27T06:55:04.248875617,30.170826,-92.84126
2020-08-27T06:55:04.250782966,30.164608,-92.865845
2020-08-27T06:55:04.252691268,30.163658,-92.83614
2020-08-27T06:55:04.254598617,30.16964,-92.83544
2020-08-27T06:55:04.256887435,30.172834,-92.8427
2020-08-27T06:55:04.258794784,30.162539,-92.84669
2020-08-27T06:55:04.260702133,30.186617,-92.84252
2020-08-27T06:55:04.262609481,30.166368,-92.83581
2020-08-27T06:55:04.264516830,30.163887,-92.844376
2020-08-27T06:55:04.266805648,30.1835,-92.86996
2020-08-27T06:55:04.268712997,30.16007,-92.84299
2020-08-27T06:55:04.270620346,30.163374,-92.82913
2020-08-27T06:55:04.274435043,30.164536,-92.865715
2020-08-27T06:55:04.278631210,30.16341,-92.83048
2020-08-27T06:55:04.280538558,30.15044,-92.832054
2020-08-27T06:55:04.282445907,30.163538,-92.83293
2020-08-27T06:55:04.284353256,30.164614,-92.86573
2020-08-27T06:55:04.286642074,30.146538,-92.83529
2020-08-27T06:55:04.288549423,30.163088,-92.817024
2020-08-27T06:55:04.290456771,30.164627,-92.86575
2020-08-27T06:55:04.292364120,30.142778,-92.84102
2020-08-27T06:55:04.441521644,30.164602,-92.86576
2020-08-27T06:55:04.451439857,30.164608,-92.8657
2020-08-27T06:55:04.465554237,30.165678,-92.897675
2020-08-27T06:55:04.467461585,30.15317,-92.87668
2020-08-27T06:55:04.481194496,30.166206,-92.918846
2020-08-27T06:55:04.483483314,30.165691,-92.90204
2020-08-27T06:55:04.485390663,30.1655,-92.89527
2020-08-27T06:55:04.497216224,30.166256,-92.91737
2020-08-27T06:55:04.499124526,30.1659,-92.90611
2020-08-27T06:55:04.634548187,30.165762,-92.90607
2020-08-27T06:55:04.648281097,30.140745,-92.86157
2020-08-27T06:55:04.658199310,30.164545,-92.86579
2020-08-27T06:55:04.700161933,30.142727,-92.83821
2020-08-27T06:55:04.708172798,30.164501,-92.865845
2020-08-27T06:55:04.739834785,30.137974,-92.83519
2020-08-27T06:55:32.294578552,30.084337,-92.848045
2020-08-27T06:55:32.304496765,30.083347,-92.815956
2020-08-27T06:55:32.306404113,30.084387,-92.84809
2020-08-27T06:55:32.503244400,30.002752,-92.79026
2020-08-27T06:55:32.509347915,30.002373,-92.77854
2020-08-27T06:55:32.511255264,30.004019,-92.83019
2020-08-27T06:55:32.525371551,30.002157,-92.7695
2020-08-27T06:55:32.527278900,30.00261,-92.78327
2020-08-27T06:55:32.533000946,30.001127,-92.73764
2020-08-27T06:55:32.537197113,30.00212,-92.76972
2020-08-27T06:55:32.539104461,30.002522,-92.78226
2020-08-27T06:55:32.542919158,30.002077,-92.767426
2020-08-27T06:55:32.620738983,30.05947,-92.85063
2020-08-27T06:55:32.630657196,30.063074,-92.843315
2020-08-27T06:55:32.638669967,30.084494,-92.84803
2020-08-27T06:55:32.650495529,30.045055,-92.878494
2020-08-27T06:55:32.654310226,30.05452,-92.84141
2020-08-27T06:55:32.698179244,30.049608,-92.88405
2020-08-27T06:55:32.825210571,30.02767,-92.83535
2020-08-27T06:55:32.827499389,30.032988,-92.82178
2020-08-27T06:55:32.896928787,30.0231,-92.832115
2020-08-27T06:55:32.976655960,30.0039,-92.83001
2020-08-27T06:55:34.147787094,28.542229,-91.38443
2020-08-27T06:55:34.151983261,28.555573,-91.38044
2020-08-27T06:55:34.153890609,28.541916,-91.37358
2020-08-27T06:55:34.155797958,28.553339,-91.37229
2020-08-27T06:55:34.157705307,28.541292,-91.35149
2020-08-27T06:55:34.159994125,28.541286,-91.35148
2020-08-27T06:55:34.163808822,28.541275,-91.35145
2020-08-27T06:55:34.169912338,28.541265,-91.35144
2020-08-27T06:55:34.472040176,28.554901,-91.34692
2020-08-27T06:56:15.229650497,27.67279,-92.1836
2020-08-27T06:56:14.931337356,27.660479,-92.2346
2020-08-27T06:56:14.957277297,27.638273,-92.24908
2020-08-27T06:56:15.068668365,27.672003,-92.25574
2020-08-27T06:56:15.070575714,27.638285,-92.24916
2020-08-27T06:56:15.235372543,27.6383,-92.249176
2020-08-27T06:56:15.348670959,27.638308,-92.2491
2020-08-27T06:56:15.135427474,30.039675,-92.88244
2020-08-27T06:56:15.147634506,30.037336,-92.887596
2020-08-27T06:56:15.159460067,30.00645,-92.8888
2020-08-27T06:56:15.161367416,30.00632,-92.88473
2020-08-27T06:56:15.280769348,30.084896,-92.84805
2020-08-27T06:56:15.282676696,30.081923,-92.861465
2020-08-27T06:56:15.288780212,30.110188,-92.853714
2020-08-27T06:56:15.294502258,30.114855,-92.85471
2020-08-27T06:56:15.296791076,30.061558,-92.84288
2020-08-27T06:56:15.298698425,30.084845,-92.84803
2020-08-27T06:56:15.320442199,30.126577,-92.8574
2020-08-27T06:56:15.326545715,30.13579,-92.859436
2020-08-27T06:56:15.330360412,30.09491,-92.86147
2020-08-27T06:56:15.340278625,30.136757,-92.8596
2020-08-27T06:56:15.352104187,30.165396,-92.865906
2020-08-27T06:56:15.356300354,30.150438,-92.86258
2020-08-27T06:56:15.358207702,30.127493,-92.84987
2020-08-27T06:56:15.360116958,30.10643,-92.85243
2020-08-27T06:56:15.362024307,30.139612,-92.856544
2020-08-27T06:56:15.425729751,30.165361,-92.866
2020-08-27T06:56:15.467691421,30.006014,-92.87488
2020-08-27T06:56:15.491344451,30.04028,-92.88509
2020-08-27T06:56:15.586711883,30.084948,-92.84817
2020-08-27T06:56:15.590908050,30.033611,-92.8674
2020-08-27T06:56:15.608839035,30.038881,-92.85883
2020-08-27T06:56:15.706113815,30.0794,-92.8612
2020-08-27T06:56:15.708021163,30.108128,-92.8559
2020-08-27T06:56:15.727857589,30.08498,-92.84826
2020-08-27T06:56:15.751892089,30.108236,-92.85819
2020-08-27T06:56:15.753799438,30.099974,-92.860756
2020-08-27T06:56:15.857179641,30.085037,-92.84826
2020-08-27T06:56:15.859086990,30.096792,-92.85878
2020-08-27T06:56:15.861375808,30.112803,-92.854774
2020-08-27T06:56:15.865190505,30.165592,-92.86623
2020-08-27T06:56:15.878923416,30.08505,-92.84818
2020-08-27T06:56:15.881212234,30.104958,-92.85063
2020-08-27T06:56:15.920885086,30.135887,-92.79207
2020-08-27T06:56:15.922792434,30.085018,-92.84837
2020-08-27T06:56:31.924928665,30.18139,-92.90246
2020-08-27T06:56:31.932939529,30.165455,-92.91612
2020-08-27T06:56:31.972612380,30.16517,-92.90589
2020-08-27T06:56:50.003053665,27.573214,-92.25528
2020-08-27T06:56:50.060656547,27.539581,-92.352646
2020-08-27T06:56:50.062563896,27.547012,-92.34264
2020-08-27T06:56:50.064471244,27.56033,-92.35104
2020-08-27T06:56:50.193792343,27.580992,-92.09843
2020-08-27T06:56:50.267416954,27.555515,-92.056526
2020-08-27T06:56:50.349052429,27.51285,-92.342964
2020-08-27T06:56:54.272911071,30.161768,-92.77309
2020-08-27T06:56:54.286643981,30.161766,-92.77312
2020-08-27T06:56:54.290840148,30.162392,-92.79251
2020-08-27T06:56:54.292747497,30.161772,-92.773155
2020-08-27T06:56:54.294654846,30.16177,-92.77316
2020-08-27T06:56:54.306480407,30.162937,-92.80966
2020-08-27T06:56:54.312583923,30.163023,-92.81406
2020-08-27T06:56:54.549098968,30.182796,-92.79738
2020-08-27T06:57:13.598842620,30.085651,-92.894745
2020-08-27T06:57:13.600749969,30.085495,-92.890465
2020-08-27T06:57:13.614864349,30.047781,-92.840454
2020-08-27T06:57:13.731977462,30.084946,-92.8725
2020-08-27T06:57:13.736173629,30.084217,-92.84848
2020-08-27T06:57:13.738080978,30.084234,-92.84849
2020-08-27T06:57:13.741895675,30.105558,-92.853264
2020-08-27T06:57:13.744184494,30.084208,-92.84854
2020-08-27T06:57:13.746091842,30.098366,-92.86566
2020-08-27T06:57:13.749906539,30.084198,-92.848595
2020-08-27T06:57:13.751815795,30.084206,-92.84861
2020-08-27T06:57:13.757919311,30.09858,-92.865944
2020-08-27T06:57:13.764022827,30.084217,-92.84861
2020-08-27T06:57:13.767837524,30.09207,-92.85043
2020-08-27T06:57:13.779663085,30.106384,-92.82721
2020-08-27T06:57:13.781951904,30.095348,-92.84065
2020-08-27T06:57:13.787673950,30.084274,-92.848564
2020-08-27T06:57:13.789581298,30.087963,-92.84783
2020-08-27T06:57:13.837265014,30.08429,-92.848595
2020-08-27T06:57:33.937593460,27.637093,-92.24914
2020-08-27T06:57:33.957429885,27.637074,-92.249054
2020-08-27T06:57:33.959337234,27.66066,-92.25365
2020-08-27T06:57:33.961244583,27.65113,-92.24837
2020-08-27T06:57:33.963151931,27.657467,-92.25303
2020-08-27T06:57:33.973070144,27.659264,-92.253365
2020-08-27T06:57:33.999011993,27.656534,-92.245125
2020-08-27T06:57:34.000919342,27.658644,-92.23774
2020-08-27T06:57:34.002826690,27.637142,-92.24913
2020-08-27T06:57:34.005115509,27.672678,-92.256065
2020-08-27T06:57:34.007022857,27.672682,-92.25608
2020-08-27T06:57:34.008930206,27.6734,-92.256226
2020-08-27T06:57:34.130239486,27.637093,-92.249115
2020-08-27T06:57:34.239721298,27.663391,-92.2542
2020-08-27T06:57:34.259559631,27.66911,-92.25538
2020-08-27T06:57:34.261466979,27.63708,-92.24912
2020-08-27T06:57:34.323265075,27.670336,-92.25569
2020-08-27T06:57:34.406427383,27.666536,-92.2549
2020-08-27T06:57:34.434274673,27.637154,-92.24909
2020-08-27T06:58:13.532085418,27.689749,-92.12392
2020-08-27T06:58:13.533992767,27.636265,-92.22481
2020-08-27T06:58:13.778518676,27.709341,-92.08496
2020-08-27T06:58:13.806365966,27.70724,-92.10725
2020-08-27T06:58:13.899827957,27.7339,-92.09487
2020-08-27T06:58:13.901735305,27.745975,-92.11239
2020-08-27T06:58:13.903642654,27.737247,-92.12158
2020-08-27T06:58:13.905550003,27.748835,-92.11281
2020-08-27T06:58:13.907838821,27.709284,-92.08497
2020-08-27T06:58:13.909746170,27.709286,-92.084984
2020-08-27T06:58:13.911653518,27.709286,-92.08501
2020-08-27T06:58:14.674985885,28.83387,-91.25817
2020-08-27T06:58:14.696729660,28.800333,-91.24705
2020-08-27T06:58:14.698637008,28.810646,-91.23928
2020-08-27T06:58:14.700925827,28.80465,-91.25814
2020-08-27T06:58:14.702833175,28.795536,-91.249275
2020-08-27T06:58:14.704740524,28.800333,-91.25853
2020-08-27T06:58:14.708555221,28.772224,-91.262405
2020-08-27T06:58:15.199895858,28.938427,-91.22403
2020-08-27T06:58:15.201803207,28.89295,-91.23825
2020-08-27T06:58:15.203710556,28.870028,-91.24561
2020-08-27T06:58:15.722135543,30.02699,-92.83635
2020-08-27T06:58:15.728239059,30.003258,-92.83109
2020-08-27T06:58:15.730146408,30.003237,-92.83108
2020-08-27T06:58:15.764099121,30.003193,-92.83116
2020-08-27T06:58:15.774017333,30.003244,-92.831154
2020-08-27T06:58:15.777832031,30.003273,-92.83113
2020-08-27T06:58:15.779739379,30.028452,-92.83669
2020-08-27T06:58:15.803771972,30.040281,-92.83926
2020-08-27T06:58:15.833526611,30.0592,-92.81148
2020-08-27T06:58:15.839630126,30.04227,-92.793365
2020-08-27T06:58:15.841537475,30.062464,-92.80241
2020-08-27T06:58:15.843444824,30.05463,-92.81167
2020-08-27T06:58:15.988788604,30.03195,-92.86045
2020-08-27T06:58:16.046390533,30.003378,-92.831314
2020-08-27T06:58:16.052112579,30.0498,-92.82096
2020-08-27T06:58:16.054401397,30.002085,-92.79184
2020-08-27T06:58:16.103994369,30.039782,-92.8275
2020-08-27T06:58:16.105901718,30.04199,-92.83373
2020-08-27T06:58:16.141759872,30.046455,-92.82356
2020-08-27T06:58:16.167699813,30.035738,-92.840195
2020-08-27T06:58:16.179525375,30.041422,-92.80669
2020-08-27T06:58:16.181432723,30.048565,-92.784225
2020-08-27T06:58:16.183340072,30.04365,-92.80295
2020-08-27T06:58:16.185628890,30.039335,-92.81381
2020-08-27T06:58:16.187536239,30.043982,-92.79836
2020-08-27T06:58:16.189443588,30.046364,-92.81442
2020-08-27T06:58:16.191350936,30.04053,-92.81123
2020-08-27T06:58:16.272987365,30.033905,-92.83803
2020-08-27T06:58:16.274894714,30.050234,-92.799995
2020-08-27T06:58:16.276802062,30.035011,-92.84118
2020-08-27T06:58:16.278709411,30.048388,-92.79032
2020-08-27T06:58:16.296638488,30.03357,-92.837944
2020-08-27T06:58:25.020601272,30.472637,-91.504135
2020-08-27T06:58:25.022508621,30.460644,-91.53138
2020-08-27T06:58:25.024415969,30.51818,-91.381714
2020-08-27T06:58:25.026323318,30.518167,-91.381714
2020-08-27T06:58:25.145725250,30.542873,-91.5521
2020-08-27T06:58:25.147632598,30.551569,-91.54715
2020-08-27T06:58:25.149539947,30.552383,-91.549034
2020-08-27T06:58:25.151828765,30.53943,-91.55034
2020-08-27T06:58:25.155643463,30.604704,-91.58271
2020-08-27T06:58:25.163654327,30.60473,-91.58272
2020-08-27T06:58:25.169757843,30.604725,-91.58271
2020-08-27T06:58:25.175479888,30.604656,-91.582664
2020-08-27T06:58:25.181584358,30.561527,-91.57679
2020-08-27T06:58:25.183491706,30.551706,-91.57559
2020-08-27T06:58:25.185399055,30.519602,-91.576996
2020-08-27T06:58:25.187306404,30.501678,-91.57744
2020-08-27T06:58:25.189595222,30.502703,-91.575134
2020-08-27T06:58:25.191502571,30.501577,-91.58058
2020-08-27T06:58:25.193409919,30.518314,-91.38178
2020-08-27T06:58:25.193409919,30.35957,-91.44059
2020-08-27T06:58:25.193409919,30.5299,-91.585365
2020-08-27T06:58:25.195317268,30.50932,-91.585144
2020-08-27T06:58:25.197606086,30.49994,-91.58661
2020-08-27T06:58:25.199513435,30.48979,-91.589455
2020-08-27T06:58:25.201420783,30.476625,-91.581726
2020-08-27T06:58:25.296789169,30.466137,-91.30303
2020-08-27T06:58:25.298696517,30.43469,-91.27323
2020-08-27T06:58:25.316626548,30.604673,-91.58267
2020-08-27T06:58:25.332648277,30.604668,-91.58266
2020-08-27T06:58:25.350577354,30.437956,-91.29786
2020-08-27T06:58:25.358588218,30.434744,-91.27331
2020-08-27T06:58:25.360495567,30.457443,-91.30488
2020-08-27T06:58:25.364310264,30.604612,-91.58266
2020-08-27T06:58:25.411994934,30.581272,-91.55826
2020-08-27T06:58:25.424201965,30.604622,-91.58269
2020-08-27T06:58:25.471886634,30.58047,-91.55756
2020-08-27T06:58:25.475701332,30.459381,-91.28915
2020-08-27T06:58:25.477608680,30.45506,-91.29234
2020-08-27T06:58:25.479897499,30.449179,-91.30547
2020-08-27T06:58:25.481804847,30.467304,-91.31515
2020-08-27T06:58:25.537500381,30.464466,-91.27925
2020-08-27T06:58:25.537500381,30.604662,-91.58264
2020-08-27T06:58:25.539407730,30.465553,-91.279465
2020-08-27T06:58:25.539407730,30.581387,-91.57779
2020-08-27T06:58:25.561152458,30.434822,-91.27322
2020-08-27T06:58:25.583277702,30.582218,-91.55846
2020-08-27T06:58:25.616847991,30.434929,-91.273224
2020-08-27T06:58:25.634777069,30.434801,-91.27319
2020-08-27T06:58:25.825514793,30.773932,-91.84581
2020-08-27T06:58:25.827422142,30.752804,-91.83076
2020-08-27T06:58:25.829710960,30.75107,-91.82514
2020-08-27T06:58:25.831618309,30.749393,-91.82508
2020-08-27T06:58:31.599147796,30.083025,-92.84841
2020-08-27T06:58:31.618984222,30.071608,-92.8779
2020-08-27T06:58:31.624706268,30.064941,-92.88535
2020-08-27T06:58:31.630809783,30.03392,-92.90966
2020-08-27T06:58:31.638820648,30.031212,-92.907005
2020-08-27T06:58:31.660566329,30.005587,-92.9232
2020-08-27T06:58:31.674680709,30.122616,-92.85721
2020-08-27T06:58:31.680402755,30.129171,-92.85864
2020-08-27T06:58:31.682310104,30.083076,-92.84837
2020-08-27T06:58:31.684598922,30.163525,-92.86621
2020-08-27T06:58:31.694517135,30.121056,-92.868866
2020-08-27T06:58:31.698331832,30.163488,-92.86619
2020-08-27T06:58:31.704435348,30.137934,-92.8605
2020-08-27T06:58:31.871520996,30.078083,-92.86909
2020-08-27T06:58:31.966890335,30.130032,-92.85879
2020-08-27T06:58:31.968797683,30.122772,-92.857704
2020-08-27T06:58:32.000459671,30.123156,-92.86225
2020-08-27T06:58:32.002367019,30.082983,-92.84833
2020-08-27T06:58:32.004655838,30.148178,-92.86284
2020-08-27T06:58:32.006563186,30.163507,-92.86627
2020-08-27T06:58:32.008470535,30.135155,-92.85938
2020-08-27T06:58:32.010377883,30.13296,-92.858345
2020-08-27T06:58:32.012666702,30.145382,-92.858315
2020-08-27T06:58:32.014574050,30.151257,-92.8506
2020-08-27T06:58:32.016481399,30.156042,-92.858215
2020-08-27T06:58:32.018390655,30.16302,-92.85065
2020-08-27T06:58:32.020298004,30.14392,-92.85744
2020-08-27T06:58:32.022586822,30.16056,-92.85636
2020-08-27T06:58:32.024494171,30.162962,-92.849915
2020-08-27T06:58:32.026401519,30.139872,-92.85399
2020-08-27T06:58:32.028308868,30.152975,-92.85045
2020-08-27T06:58:32.030216217,30.160915,-92.85203
2020-08-27T06:58:32.032505035,30.149736,-92.84703
2020-08-27T06:58:32.034412384,30.152985,-92.84297
2020-08-27T06:58:32.036319732,30.16347,-92.866035
2020-08-27T06:58:32.038227081,30.163467,-92.86603
2020-08-27T06:58:32.040134429,30.16346,-92.86604
2020-08-27T06:58:32.042423248,30.16345,-92.86606
2020-08-27T06:58:32.048145294,30.20003,-92.83076
2020-08-27T06:58:32.050434112,30.163454,-92.86612
2020-08-27T06:58:32.052341461,30.162903,-92.848274
2020-08-27T06:58:32.054248809,30.163496,-92.86616
2020-08-27T06:58:32.056156158,30.163517,-92.86617
2020-08-27T06:58:32.058063507,30.16353,-92.86619
2020-08-27T06:58:32.060352325,30.163519,-92.86618
2020-08-27T06:58:32.062259674,30.163507,-92.86617
2020-08-27T06:58:32.074085235,30.206945,-92.87581
2020-08-27T06:58:32.075992584,30.163506,-92.86611
2020-08-27T06:58:32.249181747,30.133823,-92.8596
2020-08-27T06:58:32.402154922,30.083015,-92.84818
2020-08-27T06:58:45.704968452,27.715015,-92.26538
2020-08-27T06:58:45.706875801,27.715021,-92.26538
2020-08-27T06:58:45.708783149,27.694138,-92.261314
2020-08-27T06:58:45.710690498,27.678576,-92.2386
2020-08-27T06:58:45.716794013,27.71504,-92.26534
2020-08-27T06:58:45.728619575,27.71498,-92.26537
2020-08-27T06:58:45.730908393,27.69313,-92.261086
2020-08-27T06:58:45.836195945,27.679785,-92.25849
2020-08-27T06:58:45.838103294,27.681524,-92.25882
2020-08-27T06:58:46.003282546,27.670042,-92.24093
2020-08-27T06:58:46.005189895,27.667936,-92.220726
2020-08-27T06:58:46.007097244,27.67044,-92.238945
2020-08-27T06:58:46.009004592,27.672812,-92.237236
2020-08-27T06:58:46.110477447,27.669823,-92.23719
2020-08-27T06:58:46.126499176,27.714998,-92.26536
2020-08-27T06:58:46.154346466,27.6989,-92.243675
2020-08-27T06:58:46.166172027,27.71504,-92.26527
2020-08-27T06:58:46.195927619,27.68809,-92.2415
2020-08-27T06:58:46.251623153,27.714304,-92.241455
2020-08-27T06:59:07.784392356,27.692629,-92.08827
2020-08-27T06:59:07.808424949,27.709007,-92.08498
2020-08-27T06:59:07.818343162,27.787619,-92.14491
2020-08-27T06:59:07.784392356,27.559425,-92.23428
2020-08-27T06:59:07.818343162,27.522736,-92.35901
2020-08-27T06:59:07.859924316,27.701527,-92.137726
2020-08-27T06:59:07.859924316,27.503254,-92.3326
2020-08-27T06:59:07.923630714,27.617954,-92.2141
2020-08-27T06:59:08.003358840,27.489523,-92.33912
2020-08-27T06:59:08.009080886,27.612247,-92.2368
2020-08-27T06:59:08.033114433,27.48462,-92.30902
2020-08-27T06:59:08.090717315,27.617199,-92.214645
2020-08-27T06:59:08.092624664,27.591898,-92.27078
2020-08-27T06:59:08.186085700,27.484589,-92.309044
2020-08-27T06:59:08.186085700,27.640232,-92.37798
2020-08-27T06:59:08.187993049,27.560791,-92.332695
2020-08-27T06:59:08.239873886,27.680717,-92.062744
2020-08-27T06:59:27.983140945,27.789398,-92.19086
2020-08-27T06:59:27.985429763,27.789413,-92.190834
2020-08-27T06:59:27.991151809,27.78942,-92.190796
2020-08-27T06:59:27.993059158,27.768684,-92.17998
2020-08-27T06:59:28.142215728,27.78929,-92.190765
2020-08-27T06:59:28.168156623,27.733057,-92.206604
2020-08-27T06:59:28.251699447,27.755663,-92.18292
2020-08-27T06:59:28.253606796,27.74516,-92.1925
2020-08-27T06:59:28.321127891,27.73746,-92.19471
2020-08-27T06:59:28.436715126,27.70739,-92.20737
2020-08-27T06:59:28.438622474,27.711782,-92.175735
2020-08-27T06:59:28.607616424,27.70346,-92.24962
2020-08-27T06:59:28.609523773,27.75106,-92.22858
2020-08-27T06:59:28.686963081,27.7168,-92.3551
2020-08-27T06:59:28.686963081,27.524508,-92.36186
2020-08-27T06:59:28.688870429,27.765593,-92.22943
2020-08-27T06:59:28.691159248,27.789133,-92.19065
2020-08-27T06:59:28.808272361,27.752867,-92.21735
2020-08-27T06:59:36.440073013,30.163393,-92.86633
2020-08-27T06:59:36.449991226,30.1795,-92.86993
2020-08-27T06:59:36.451898574,30.163403,-92.86635
2020-08-27T06:59:36.459909439,30.163345,-92.86639
2020-08-27T06:59:36.463724136,30.182407,-92.87064
2020-08-27T06:59:36.466012954,30.180143,-92.87015
2020-08-27T06:59:36.473644256,30.163462,-92.86643
2020-08-27T06:59:36.479747772,30.190279,-92.88535
2020-08-27T06:59:36.491573333,30.211205,-92.865364
2020-08-27T06:59:36.493862152,30.20021,-92.87457
2020-08-27T06:59:36.495769500,30.185198,-92.87123
2020-08-27T06:59:36.497676849,30.202814,-92.875175
2020-08-27T06:59:36.607160568,30.163353,-92.866356
2020-08-27T06:59:36.617078781,30.12553,-92.85795
2020-08-27T06:59:36.618986129,30.125494,-92.857925
2020-08-27T06:59:36.620893478,30.125738,-92.857956
2020-08-27T06:59:36.626996994,30.119188,-92.85643
2020-08-27T06:59:36.628904342,30.082956,-92.84838
2020-08-27T06:59:36.630811691,30.082952,-92.84838
2020-08-27T06:59:36.636915206,30.082941,-92.8484
2020-08-27T06:59:36.664762496,30.110975,-92.87985
2020-08-27T06:59:36.750213623,30.107927,-92.8799
2020-08-27T06:59:36.768142700,30.084616,-92.899826
2020-08-27T06:59:36.770050048,30.101297,-92.88569
2020-08-27T06:59:36.773864746,30.098269,-92.89797
2020-08-27T06:59:36.776153564,30.109856,-92.88397
2020-08-27T06:59:36.811630249,30.163456,-92.866325
2020-08-27T06:59:36.813919067,30.165512,-92.868034
2020-08-27T06:59:36.815826416,30.163448,-92.86632
2020-08-27T06:59:36.885255813,30.15865,-92.87557
2020-08-27T06:59:49.488443374,27.714443,-92.26518
2020-08-27T06:59:49.520106315,27.713497,-92.23113
2020-08-27T06:59:49.730680465,27.713413,-92.23144
2020-08-27T06:59:49.732969284,27.713482,-92.23363
2020-08-27T06:59:49.734876632,27.713404,-92.23072
2020-08-27T06:59:49.826431274,27.68448,-92.22617
